776	2810	66.5044	1	66.5044	1	0
776	401	33.2245	1	33.2245	1	0
776	573	26.0529	2	12.9498	1	0
10971	2398	16.3115	1	16.3115	1	1
18931	4956	5.24865	1	5.24865	1	0
18931	39561	5.86662	1	5.86662	1	0
49918	39750	14.8922	1	14.8922	1	0
2	1174	56.4113	1	56.4113	1	1
2	1146	53.2172	1	53.2172	1	1
19096	588	23.6292	11	4.30307	2	0
19096	3756	34.5829	10	10.4302	3	0
19096	2810	30.0277	6	5.21596	1	0
19096	19404	6.52297	1	6.52297	1	0
19096	401	31.2096	6	7.04769	1	1
19096	350	11.6952	3	7.44880	2	0
19096	521	23.4404	3	9.31284	1	0
19096	267	3.29934	1	3.29934	1	0
19096	4794	28.1791	13	2.30183	1	0
695	728	33.1553	1	33.1553	1	0
22	3236	63.2999	1	63.2999	1	0
22	2810	26.9452	2	26.9452	2	0
53	5604	63.4769	1	63.4769	1	1
53	2798	26.7623	1	26.7623	1	0
53	3328	28.5989	1	28.5989	1	0
53	10467	11.2818	1	11.2818	1	0
1174	2798	50.6611	1	50.6611	1	1
1174	1146	59.7013	1	59.7013	1	0
1174	4794	35.2100	1	35.2100	1	0
576	3756	18.8561	1	18.8561	1	0
576	2810	21.2250	1	21.2250	1	0
576	534	8.00372	2	3.98852	1	0
756	1384	22.8541	1	22.8541	1	1
472	3328	13.7489	1	13.7489	1	0
472	10467	1818.25	198	1607.77	178	1
472	29557	9.88318	1	9.88318	1	0
19177	19955	15.3133	2	15.3133	2	0
588	1108	7.62705	1	7.62705	1	0
588	3756	16.3724	6	5.53665	2	0
588	337	39.4133	13	9.65833	3	0
588	2810	28.4701	8	7.36701	2	0
588	19404	18.9726	4	4.98998	1	0
588	401	61.6097	9	45.8770	5	1
588	350	41.3317	4	38.2529	3	0
588	4989	19.7523	5	7.61392	2	0
588	267	15.3429	5	9.69100	3	0
588	6156	4.57782	1	4.57782	1	0
588	573	4.62396	1	4.62396	1	0
588	18898	4.27259	1	4.27259	1	0
588	4794	11.5280	7	1.58248	1	0
680	205	27.1529	4	15.4933	2	1
1198	18898	13.2185	1	13.2185	1	0
819	842	13.4094	1	13.4094	1	0
819	3328	318.062	7	264.218	6	1
819	267	23.2130	2	23.2130	2	0
819	956	38.4964	2	23.7328	1	0
491	551	320.349	22	308.439	19	1
491	2810	5.71258	1	5.71258	1	0
491	350	10.8447	1	10.8447	1	0
491	3340	87.8876	2	87.8876	2	1
491	267	10.1332	1	10.1332	1	0
1108	3756	26.3170	2	12.0156	1	0
1108	2810	15.7486	1	15.7486	1	0
1108	1827	7.25506	1	7.25506	1	1
1108	4989	123.719	3	123.719	3	0
1108	267	10.7209	1	10.7209	1	0
1108	6156	38.6866	2	38.6866	2	0
1108	205	16.9457	2	8.87894	1	1
1108	573	20.7034	1	20.7034	1	0
19194	109236	7.54291	1	7.54291	1	0
551	2810	8.15049	1	8.15049	1	0
551	3340	162.251	5	162.251	5	1
19456	5479	16.6652	2	16.6652	2	0
3756	337	39.0063	8	9.54576	2	0
3756	2810	34.6300	6	5.78984	1	0
3756	19404	25.0299	3	9.70183	1	0
3756	401	25.0111	4	6.34833	1	0
3756	350	6.99221	2	6.99221	2	0
3756	521	95.6894	2	86.4331	1	0
3756	4989	133.251	10	114.024	7	1
3756	267	68.1440	2	63.7201	1	0
3756	4794	19.0318	7	2.76852	1	0
337	401	42.1611	6	21.2935	3	0
337	350	4.21487	1	4.21487	1	0
337	4989	28.4821	4	14.4673	2	0
337	4794	24.5084	8	2.93745	1	0
2810	19404	10.2858	1	10.2858	1	0
2810	4989	49.6308	5	24.1187	2	0
2810	267	5.93291	1	5.93291	1	0
2810	6156	9.45242	1	9.45242	1	0
2810	18898	78.5439	2	39.9359	1	0
2810	4794	18.7339	5	7.25775	2	0
39729	111011	6.39377	3	4.21715	2	0
6207	130	882.548	26	751.443	17	1
3486	16936	42.6661	1	42.6661	1	0
19404	350	298.965	9	273.946	7	1
19404	1766	18.5597	1	18.5597	1	0
19404	267	42.5047	4	42.5047	4	0
19404	4794	4.90461	1	4.90461	1	0
401	350	48.9401	6	16.3833	3	1
401	4989	56.2661	6	9.40965	1	0
401	1766	45.2416	3	15.1051	1	0
401	267	48.8239	7	14.7616	3	1
401	956	24.0167	1	24.0167	1	1
401	573	57.9250	4	32.7968	2	0
401	18898	132.425	2	132.425	2	0
350	521	59.0342	11	42.2385	8	1
350	267	235.184	139	186.832	115	1
350	6156	16.5076	1	16.5076	1	0
350	3273	113.998	5	113.998	5	1
350	573	91.4565	23	75.9583	22	1
18584	521	40.0023	1	40.0023	1	0
1403	38201	32.4618	1	32.4618	1	1
3463	2798	44.0061	1	44.0061	1	0
2798	1146	37.1995	1	37.1995	1	0
469	267	11.5060	1	11.5060	1	0
469	573	29.3714	1	29.3714	1	0
521	4989	41.7235	3	14.2499	1	0
521	1766	89.2268	4	67.2544	3	0
521	267	115.420	13	115.420	13	1
521	573	15.8805	1	15.8805	1	1
4989	4794	11.3896	3	11.6308	3	0
1766	267	8.10236	1	8.10236	1	0
1766	6156	17.2051	1	17.2051	1	0
11019	18898	71.7641	1	71.7641	1	0
109236	111011	7.77539	2	4.81528	1	0
267	573	373.234	45	346.759	42	1
267	18898	12.8432	5	12.8432	5	0
267	4794	2.84462	1	2.84462	1	0
6156	4794	38.4064	3	29.6579	1	0
956	2704	24.7582	1	24.7582	1	0
956	573	22.2794	1	22.2794	1	0
573	1594	27.8089	1	27.8089	1	0
573	18898	46.7653	5	38.6307	4	1
573	4794	4.47745	1	4.82945	1	0
10467	5479	7.98105	1	7.98105	1	0
29557	5479	10.9561	1	10.9561	1	0
4466	4794	47.1273	1	47.1273	1	0
