551 4883 1
551 22 1
551 3273 87
551 2704 18
551 19574 2
551 2810 205
551 3222 228
551 576 11
551 3236 5
551 38121 7
551 4496 1
551 4489 1
551 6425 1
551 108899 2
551 1174 18
551 19164 1
551 2631 25
551 1695 70
551 819 1
551 1351 1
551 267 13
551 10731 2
551 113660 1
551 4657 6
551 776 4
551 337 1
551 350 53
551 854 78
551 956 77
551 1488 26
551 401 39
551 3395 1
551 2341 26
551 446 56
551 4794 1
551 6156 2
551 475 71
551 3340 363
551 3328 1
551 18898 11
551 11067 76
551 3360 16
551 1948 4
551 11019 38
551 1922 100
551 491 272
2 3295 10
2 3279 7
2 5479 9
2 4914 28
2 1146 13
2 53 18
2 10467 7
2 4906 57
2 4466 28
2 2798 3
2 576 1
2 3236 18
2 3245 50
2 18584 13
2 18582 6
2 130 45
2 5604 29
2 695 1
2 29557 3
2 668 31
2 4489 1
2 6425 5
2 1274 4
2 1174 35
2 3087 4
2 753 19
2 3128 2
2 244 1
2 10764 25
2 267 9
2 10727 11
2 113660 8
2 776 3
2 1307 29
2 3463 35
2 19294 32
2 3395 7
2 6207 21
2 1479 1
2 446 24
2 2355 12
2 898 36
2 6156 3
2 2366 10
2 472 23
2 3328 9
2 469 1
2 11060 7
2 4820 22
2 1940 1
2 4302 8
2 19401 14
2 2413 2
2 11019 19
2 4858 6
2204 3279 5
2204 5479 3
2204 4930 27
2204 3245 1
2204 18584 2
2204 29557 19
2204 1174 2
2204 38201 2
2204 3486 11
2204 14443 2
2204 4820 7
2204 14858 8
2204 4858 1
2204 18931 1
4883 22 2
4883 573 1
4883 3273 3
4883 4913 4
4883 39612 1
4883 2704 5
4883 521 2
4883 534 1
4883 53 1
4883 4906 1
4883 2810 1
4883 3222 1
4883 4466 5
4883 4930 3
4883 2798 1
4883 1594 1
4883 3206 7
4883 3756 4
4883 576 1
4883 578 4
4883 3252 16
4883 588 6
4883 4989 2
4883 3236 16
4883 3245 3
4883 18584 9
4883 19096 3
4883 668 1
4883 108899 1
4883 1174 18
4883 3087 7
4883 1198 1
4883 1201 3
4883 2631 1
4883 244 1
4883 819 4
4883 1351 20
4883 267 3
4883 786 18
4883 10727 2
4883 776 4
4883 337 3
4883 350 4
4883 842 2
4883 956 4
4883 18830 2
4883 401 6
4883 3395 2
4883 1479 1
4883 446 6
4883 2355 12
4883 4794 2
4883 6156 7
4883 2366 1
4883 3328 4
4883 11060 6
4883 18898 3
4883 19404 3
4883 19401 3
4883 2413 19
4883 4858 1
4883 1922 2
4883 491 2
4883 4860 1
4883 3382 2
3295 10445 4
3295 22 2
3295 1108 2
3295 3279 32
3295 573 2
3295 5479 14
3295 4914 3
3295 39612 2
3295 2704 1
3295 19574 11
3295 1146 10
3295 53 18
3295 1618 12
3295 10467 14
3295 4906 13
3295 2810 7
3295 10393 24
3295 4466 38
3295 2798 25
3295 3756 1
3295 10374 2
3295 576 2
3295 3252 12
3295 3236 40
3295 3245 20
3295 18584 34
3295 680 1
3295 18582 1
3295 130 60
3295 5604 29
3295 695 18
3295 29557 8
3295 1256 15
3295 668 20
3295 4489 39
3295 661 2
3295 6425 2
3295 108899 1
3295 1274 5
3295 1174 45
3295 3087 1
3295 1725 1
3295 753 42
3295 19164 6
3295 3128 36
3295 2631 3
3295 244 1
3295 10764 45
3295 819 12
3295 267 22
3295 10731 3
3295 10727 18
3295 113660 9
3295 2971 8
3295 776 24
3295 1307 67
3295 3463 46
3295 350 1
3295 19294 40
3295 111565 1
3295 3395 63
3295 6207 20
3295 443 1
3295 446 35
3295 14406 1
3295 2355 43
3295 4794 8
3295 898 63
3295 6156 5
3295 2366 1
3295 472 21
3295 3328 28
3295 469 2
3295 11060 23
3295 4820 10
3295 14858 7
3295 1940 32
3295 4302 26
3295 19401 30
3295 2413 3
3295 11019 4
3295 1440 1
3295 4858 1
3295 4860 11
4893 10445 42
4893 22 2
4893 1108 1
4893 573 3
4893 5479 1
4893 2704 13
4893 19574 3
4893 534 117
4893 1146 13
4893 53 6
4893 1618 2
4893 10467 4
4893 2810 1
4893 10393 14
4893 4466 4
4893 2798 12
4893 3206 25
4893 3756 2
4893 576 192
4893 106796 4
4893 4989 17
4893 3236 5
4893 680 4
4893 695 3
4893 19096 2
4893 19709 6
4893 661 3
4893 6425 8
4893 108899 7
4893 1274 6
4893 1174 11
4893 3087 2
4893 19164 3
4893 3128 35
4893 728 11
4893 10764 8
4893 10731 5
4893 786 1
4893 776 1
4893 3463 8
4893 337 10
4893 346 44
4893 4161 25
4893 1488 18
4893 401 38
4893 3395 2
4893 6207 17
4893 443 90
4893 446 8
4893 14406 10
4893 2355 4
4893 6156 2
4893 3340 20
4893 3328 4
4893 469 4
4893 11060 2
4893 19401 33
4893 976 40
4893 11019 2
4893 1440 5
4893 4858 5
4893 1922 12
4893 3382 9
39579 39561 23
39579 38495 5
39579 10971 57
39579 39612 43
39579 4947 30
39579 10393 1
39579 4956 40
39579 19490 7
39579 18584 3
39579 16936 1
39579 1256 1
39579 19074 63
39579 19194 33
39579 109236 53
39579 39729 60
39579 111011 73
39579 2398 54
39579 105286 8
39579 1940 2
39579 18931 47
10445 22 2
10445 3279 1
10445 573 2
10445 4913 5
10445 2704 24
10445 521 1
10445 534 7
10445 1618 6
10445 2810 1
10445 10393 39
10445 4466 1
10445 3206 30
10445 576 26
10445 3252 9
10445 4989 1
10445 3236 28
10445 3245 1
10445 1256 40
10445 6425 4
10445 108899 19
10445 1153 2
10445 3087 1
10445 19164 11
10445 2631 1
10445 10764 1
10445 819 6
10445 1351 1
10445 10731 21
10445 113659 7
10445 113660 21
10445 776 1
10445 3463 3
10445 346 4
10445 869 1
10445 956 2
10445 1488 45
10445 3395 2
10445 6207 1
10445 443 9
10445 4794 16
10445 2366 6
10445 1940 18
10445 976 38
10445 4858 6
10445 3382 7
22 1108 19
22 3279 23
22 573 39
22 5479 4
22 3273 58
22 4913 11
22 39612 12
22 2704 67
22 521 44
22 534 1
22 1146 9
22 53 5
22 1618 6
22 10467 2
22 4906 3
22 2810 75
22 10393 21
22 4466 6
22 4930 10
22 2798 120
22 1594 18
22 3206 63
22 3756 79
22 576 23
22 578 105
22 3252 2
22 106796 1
22 588 86
22 4989 32
22 3236 32
22 1075 2
22 3245 10
22 18584 50
22 1766 7
22 680 2
22 18582 1
22 130 1
22 4994 7
22 19096 66
22 2100 4
22 4496 3
22 1256 2
22 19709 1
22 668 6
22 4489 2
22 661 4
22 6425 4
22 108899 2
22 1274 137
22 1153 1
22 1174 100
22 3087 6
22 19164 2
22 3128 1
22 1198 24
22 1201 109
22 2631 5
22 244 1
22 10764 2
22 1695 1
22 819 88
22 1359 3
22 1351 11
22 267 79
22 1404 1
22 10731 5
22 786 42
22 10727 12
22 113660 4
22 2971 2
22 776 75
22 1307 4
22 3463 8
22 337 58
22 350 70
22 49918 1
22 109807 2
22 4161 10
22 49383 44
22 854 3
22 842 121
22 19294 3
22 956 48
22 1488 1
22 401 67
22 3395 18
22 6207 1
22 1479 3
22 443 3
22 446 67
22 14406 5
22 2355 6
22 4794 61
22 6156 81
22 2366 8
22 3340 1
22 3328 52
22 469 4
22 11060 42
22 18898 83
22 11067 2
22 4820 3
22 1940 47
22 4302 2
22 19404 65
22 19401 5
22 3360 2
22 2413 1
22 976 6
22 11019 1
22 1440 3
22 4858 21
22 1922 75
22 491 6
22 4860 1
1108 573 19
1108 5479 1
1108 3273 11
1108 2704 18
1108 521 17
1108 19574 1
1108 53 2
1108 1618 2
1108 10467 2
1108 4906 1
1108 2810 27
1108 10393 4
1108 4466 6
1108 2798 1
1108 1594 1
1108 3206 19
1108 3756 32
1108 576 7
1108 3252 1
1108 588 26
1108 4989 21
1108 3236 5
1108 3245 1
1108 18584 17
1108 1766 8
1108 680 120
1108 130 2
1108 695 2
1108 19096 30
1108 29557 1
1108 1256 83
1108 4489 2
1108 661 1
1108 6425 4
1108 1274 2
1108 205 138
1108 1174 24
1108 753 1
1108 1198 7
1108 728 1
1108 1201 26
1108 10764 1
1108 819 15
1108 267 22
1108 786 17
1108 10727 7
1108 113659 1
1108 776 12
1108 1307 2
1108 3463 4
1108 337 27
1108 350 16
1108 1827 200
1108 842 5
1108 956 15
1108 401 22
1108 111565 1
1108 3395 4
1108 6207 2
1108 443 2
1108 446 24
1108 14406 1
1108 2355 26
1108 4794 28
1108 898 2
1108 6156 20
1108 2366 1
1108 472 2
1108 3340 1
1108 3328 16
1108 469 1
1108 11060 13
1108 18898 18
1108 14858 1
1108 4302 1
1108 19404 22
1108 2413 4
1108 1440 40
1108 4858 4
1108 1922 23
1108 491 4
1108 4860 2
3279 573 4
3279 5479 7
3279 38495 9
3279 4913 3
3279 4914 6
3279 39612 2
3279 2704 4
3279 521 5
3279 4900 10
3279 1146 16
3279 53 1
3279 1618 78
3279 10467 5
3279 4906 33
3279 2810 4
3279 10393 9
3279 4466 5
3279 4930 1
3279 19470 8
3279 2798 16
3279 1594 7
3279 3206 3
3279 3756 103
3279 576 2
3279 578 15
3279 3252 3
3279 4989 65
3279 3236 51
3279 3245 33
3279 18584 28
3279 16936 3
3279 18582 2
3279 29557 28
3279 1251 8
3279 4496 2
3279 1256 1
3279 19709 3
3279 668 36
3279 4489 2
3279 1265 15
3279 661 12
3279 19074 1
3279 108899 2
3279 1274 18
3279 1153 1
3279 1174 32
3279 19177 5
3279 3087 4
3279 753 34
3279 756 13
3279 19164 15
3279 1671 8
3279 3128 9
3279 1201 3
3279 2631 1
3279 244 3
3279 10764 21
3279 726 4
3279 241 56
3279 819 1
3279 1351 37
3279 267 4
3279 18415 7
3279 10731 1
3279 1403 5
3279 1384 2
3279 2971 6
3279 776 33
3279 1307 31
3279 3463 3
3279 350 1
3279 38201 4
3279 346 23
3279 49918 12
3279 3486 5
3279 109807 2
3279 4161 3
3279 49383 9
3279 19768 63
3279 842 22
3279 19294 87
3279 956 1
3279 3395 47
3279 6207 2
3279 2027 3
3279 14443 13
3279 443 1
3279 14406 20
3279 2355 1
3279 4794 1
3279 6156 13
3279 39729 1
3279 2366 8
3279 111011 1
3279 1426 56
3279 472 1
3279 3328 1
3279 469 20
3279 39750 5
3279 18898 5
3279 4820 11
3279 14858 2
3279 1940 44
3279 984 7
3279 4302 2
3279 19401 28
3279 2413 2
3279 1440 76
3279 3384 89
3279 4858 6
3279 4860 14
573 5479 6
573 3273 29
573 4913 15
573 39612 1
573 2704 28
573 521 27
573 19574 1
573 53 2
573 1618 6
573 10467 8
573 4906 6
573 2810 36
573 10393 18
573 4466 9
573 2798 5
573 1594 3
573 3206 32
573 3756 46
573 576 16
573 3252 3
573 588 52
573 4989 23
573 3236 4
573 3245 3
573 18584 22
573 1766 9
573 680 2
573 18582 12
573 130 18
573 5604 14
573 695 2
573 19096 41
573 29557 3
573 1256 18
573 668 2
573 4489 2
573 661 4
573 6425 9
573 108899 1
573 1274 1
573 1153 4
573 1174 46
573 3087 3
573 753 20
573 19164 3
573 1198 38
573 728 1
573 1201 23
573 2631 2
573 10764 15
573 819 67
573 1351 5
573 267 91
573 10731 18
573 786 29
573 10727 9
573 113659 2
573 113660 1
573 2971 7
573 776 46
573 1307 1
573 3463 7
573 337 42
573 350 58
573 842 24
573 956 31
573 1488 1
573 401 49
573 3395 8
573 6207 17
573 443 4
573 446 55
573 14406 2
573 2355 10
573 4794 46
573 898 2
573 6156 43
573 2366 19
573 472 4
573 3340 1
573 3328 48
573 469 1
573 11060 22
573 18898 65
573 4820 8
573 14858 1
573 1940 11
573 4302 6
573 19404 52
573 19401 2
573 2413 1
573 1440 2
573 4858 9
573 1922 45
573 491 4
5479 38495 1
5479 521 3
5479 4900 5
5479 1146 12
5479 53 24
5479 1618 2
5479 10467 26
5479 4906 2
5479 10393 3
5479 4466 37
5479 2798 10
5479 1594 1
5479 3756 1
5479 19456 24
5479 576 1
5479 578 2
5479 3252 1
5479 3236 21
5479 3245 4
5479 18584 15
5479 680 4
5479 16936 2
5479 18582 1
5479 130 59
5479 5604 43
5479 695 2
5479 19096 2
5479 29557 24
5479 1256 1
5479 19709 7
5479 668 2
5479 4489 4
5479 661 7
5479 6425 2
5479 19074 1
5479 108899 1
5479 1274 7
5479 1174 43
5479 19177 1
5479 3087 1
5479 753 5
5479 756 6
5479 3128 3
5479 10764 20
5479 241 4
5479 267 9
5479 18415 2
5479 10727 16
5479 776 10
5479 1307 12
5479 3463 46
5479 337 7
5479 38201 1
5479 4161 7
5479 49383 1
5479 19768 3
5479 19294 6
5479 3395 6
5479 6207 37
5479 2027 1
5479 446 10
5479 14406 7
5479 2355 14
5479 898 7
5479 6156 5
5479 39729 1
5479 2366 1
5479 111011 1
5479 472 41
5479 3328 9
5479 469 7
5479 11060 8
5479 11067 1
5479 4820 1
5479 14858 3
5479 1940 1
5479 984 2
5479 4302 48
5479 19401 13
5479 2413 1
5479 976 6
5479 11019 1
5479 1440 6
5479 4858 10
5479 18931 2
3273 39612 6
3273 2704 42
3273 521 25
3273 2810 119
3273 3222 55
3273 3206 47
3273 3756 43
3273 576 35
3273 588 83
3273 4989 17
3273 3236 4
3273 18584 25
3273 38121 10
3273 19096 35
3273 4496 1
3273 4489 1
3273 6425 1
3273 108899 3
3273 1174 59
3273 19164 1
3273 1198 22
3273 1201 46
3273 2631 6
3273 1695 82
3273 819 62
3273 1351 1
3273 267 86
3273 10731 1
3273 786 29
3273 10727 13
3273 113660 1
3273 4657 10
3273 776 39
3273 337 45
3273 350 158
3273 854 7
3273 842 25
3273 956 72
3273 1488 38
3273 401 101
3273 3395 12
3273 2341 9
3273 446 114
3273 4794 41
3273 6156 50
3273 475 21
3273 3340 76
3273 3328 47
3273 469 1
3273 11060 30
3273 18898 91
3273 11067 15
3273 19404 55
3273 3360 6
3273 1948 2
3273 11019 142
3273 4858 8
3273 1922 82
3273 491 159
39561 38495 1
39561 10971 95
39561 39612 168
39561 4947 29
39561 4956 70
39561 19490 4
39561 18584 1
39561 16936 2
39561 19074 31
39561 19194 28
39561 109236 26
39561 39729 13
39561 111011 31
39561 2398 55
39561 105286 7
39561 18931 27
38495 10971 11
38495 4947 3
38495 18584 6
38495 1265 97
38495 661 1
38495 756 2
38495 1351 13
38495 776 2
38495 109236 12
38495 49918 3
38495 19768 22
38495 19955 3
38495 39750 9
38495 2398 1
38495 14858 1
10971 39612 123
10971 4947 111
10971 4956 32
10971 19490 3
10971 18584 1
10971 16936 2
10971 19074 61
10971 19194 63
10971 109236 108
10971 39729 47
10971 111011 56
10971 2398 44
10971 105286 21
10971 4858 2
10971 18931 61
4913 2704 4
4913 521 1
4913 1618 4
4913 2810 1
4913 10393 6
4913 4466 2
4913 4930 23
4913 2798 5
4913 1594 3
4913 10374 10
4913 576 12
4913 578 16
4913 3252 2
4913 3236 18
4913 1075 1
4913 3245 7
4913 18584 3
4913 1256 4
4913 108899 5
4913 1274 8
4913 1153 3
4913 1174 5
4913 3087 5
4913 19164 3
4913 728 1
4913 1201 38
4913 2631 4
4913 819 1
4913 1351 6
4913 10731 19
4913 786 18
4913 113660 1
4913 776 3
4913 3463 5
4913 49383 4
4913 842 4
4913 956 1
4913 18830 25
4913 6207 1
4913 443 1
4913 2355 1
4913 4794 4
4913 2366 10
4913 18898 2
4913 4820 9
4913 1940 2
4913 19401 1
4914 39612 2
4914 1146 4
4914 4906 18
4914 3236 3
4914 3245 9
4914 18584 12
4914 18582 34
4914 668 54
4914 1174 4
4914 244 19
4914 113660 35
4914 2971 1
4914 1827 6
4914 19294 50
4914 3395 4
4914 2366 5
4914 469 2
4914 4820 1
4914 19401 23
4914 11019 2
4914 4858 16
39612 2704 6
39612 521 8
39612 1146 1
39612 53 1
39612 10467 1
39612 2810 6
39612 4947 16
39612 10393 6
39612 4466 1
39612 4958 2
39612 4956 53
39612 2798 1
39612 1594 5
39612 3206 6
39612 3756 6
39612 576 1
39612 578 1
39612 588 5
39612 4989 1
39612 3236 4
39612 19490 13
39612 3245 4
39612 18584 10
39612 130 5
39612 5604 3
39612 695 3
39612 19096 6
39612 668 3
39612 661 1
39612 19074 62
39612 1274 7
39612 19194 59
39612 1174 8
39612 19177 1
39612 753 1
39612 1671 1
39612 3128 4
39612 1203 1
39612 1201 7
39612 10764 2
39612 819 6
39612 267 5
39612 786 6
39612 10727 5
39612 113660 1
39612 776 10
39612 1307 2
39612 337 6
39612 350 1
39612 109236 43
39612 49918 2
39612 842 15
39612 956 2
39612 401 5
39612 111565 1
39612 3395 7
39612 6207 6
39612 2027 1
39612 446 11
39612 14406 1
39612 2355 1
39612 19955 1
39612 4794 6
39612 898 2
39612 6156 7
39612 39729 40
39612 2366 1
39612 111011 80
39612 472 1
39612 3328 6
39612 11060 7
39612 18898 7
39612 2398 67
39612 105286 25
39612 4302 3
39612 19401 3
39612 1440 2
39612 4858 10
39612 1922 6
39612 491 1
39612 18931 66
2704 521 30
2704 534 20
2704 1146 1
2704 2810 62
2704 10393 3
2704 3222 4
2704 4466 1
2704 4930 8
2704 2798 32
2704 1594 10
2704 3206 108
2704 3756 63
2704 576 51
2704 578 30
2704 3252 1
2704 106796 2
2704 588 104
2704 4989 47
2704 3236 27
2704 1075 21
2704 3245 9
2704 18584 44
2704 1766 6
2704 680 2
2704 130 1
2704 19096 71
2704 4496 1
2704 668 2
2704 4489 5
2704 6425 22
2704 108899 12
2704 1274 28
2704 1174 99
2704 3087 17
2704 19164 9
2704 1198 43
2704 1201 102
2704 2631 35
2704 1695 1
2704 819 86
2704 1351 65
2704 267 52
2704 1404 18
2704 10731 2
2704 786 38
2704 10727 11
2704 113660 1
2704 776 80
2704 3463 7
2704 337 58
2704 350 59
2704 4161 7
2704 49383 7
2704 854 7
2704 842 35
2704 956 70
2704 18830 13
2704 1488 44
2704 401 74
2704 111565 2
2704 3395 29
2704 443 5
2704 446 77
2704 2355 15
2704 4794 71
2704 6156 83
2704 2366 5
2704 3340 27
2704 3328 45
2704 469 1
2704 11060 52
2704 993 39
2704 18898 87
2704 11067 6
2704 1940 11
2704 4302 1
2704 19404 51
2704 19401 15
2704 3360 7
2704 976 8
2704 4858 7
2704 1922 55
2704 491 20
2704 3382 7
521 4900 4
521 53 3
521 1618 1
521 2810 43
521 10393 2
521 4466 4
521 1594 5
521 3206 31
521 3756 49
521 576 7
521 3252 2
521 588 53
521 4989 27
521 3236 2
521 3245 4
521 18584 37
521 1766 7
521 130 6
521 5604 1
521 19096 49
521 1256 1
521 19709 6
521 661 7
521 108899 1
521 1153 2
521 19194 2
521 1174 39
521 3087 3
521 753 2
521 756 4
521 19164 1
521 1671 12
521 3128 14
521 1198 14
521 1201 31
521 2631 1
521 10764 7
521 241 4
521 819 40
521 1351 1
521 267 56
521 10731 1
521 786 21
521 10727 11
521 776 27
521 1307 1
521 3463 1
521 337 39
521 350 46
521 3486 8
521 842 17
521 956 28
521 401 48
521 3395 11
521 6207 4
521 443 1
521 446 40
521 14406 6
521 2355 2
521 4794 49
521 6156 31
521 2366 4
521 472 1
521 3328 26
521 469 1
521 11060 20
521 18898 37
521 1940 7
521 984 2
521 4302 1
521 19404 36
521 4858 9
521 1922 36
521 491 3
19574 534 2
19574 4906 1
19574 2810 6
19574 10393 2
19574 10374 2
19574 576 14
19574 3252 1
19574 3236 3
19574 38121 51
19574 130 1
19574 29557 1
19574 6425 46
19574 108899 2
19574 1725 21
19574 19164 4
19574 2631 1
19574 267 9
19574 10731 3
19574 786 1
19574 10727 1
19574 113659 1
19574 4657 3
19574 776 1
19574 3463 1
19574 337 15
19574 854 5
19574 956 2
19574 3395 7
19574 443 48
19574 2341 6
19574 446 4
19574 2366 1
19574 475 3
19574 11060 1
19574 11067 3
19574 19404 1
19574 3360 2
19574 1948 2
19574 11019 1
19574 1922 2
4900 4958 10
4900 19470 29
4900 3245 1
4900 18584 125
4900 16936 14
4900 19709 28
4900 661 8
4900 19074 14
4900 1174 29
4900 756 183
4900 726 45
4900 241 60
4900 1384 69
4900 776 22
4900 6207 1
4900 11067 1
4900 984 152
534 1618 1
534 2810 1
534 10393 3
534 4930 1
534 2798 2
534 10374 15
534 576 158
534 3252 1
534 4989 5
534 3236 5
534 1075 3
534 3245 1
534 1256 1
534 108899 2
534 3087 11
534 19164 2
534 10764 2
534 819 1
534 1351 12
534 10731 2
534 776 3
534 346 31
534 443 106
534 2355 3
534 4794 2
534 18898 2
534 1940 1
534 19401 2
534 976 13
1146 53 30
1146 1618 1
1146 4906 8
1146 4466 22
1146 2798 9
1146 3206 1
1146 3756 1
1146 576 3
1146 106796 1
1146 3236 16
1146 3245 13
1146 18584 1
1146 680 27
1146 130 3
1146 5604 1
1146 19096 7
1146 4496 1
1146 19709 28
1146 668 9
1146 661 19
1146 6425 4
1146 108899 3
1146 1274 8
1146 1174 78
1146 3087 1
1146 753 11
1146 3128 12
1146 244 3
1146 10764 6
1146 267 1
1146 1404 1
1146 10731 1
1146 113660 1
1146 2971 1
1146 776 2
1146 1307 19
1146 3463 27
1146 337 62
1146 109807 1
1146 4161 36
1146 19294 14
1146 1488 3
1146 3395 15
1146 443 1
1146 14406 44
1146 2355 3
1146 898 3
1146 2366 3
1146 472 1
1146 469 67
1146 4820 5
1146 1940 6
1146 19401 33
1146 2413 4
1146 976 55
1146 11019 25
1146 1440 19
1146 4858 5
1146 4860 5
53 1618 1
53 10467 31
53 4906 1
53 10393 3
53 4466 104
53 4930 2
53 2798 10
53 1594 3
53 3756 1
53 576 1
53 578 4
53 3252 2
53 3236 74
53 3245 2
53 18584 11
53 680 5
53 18582 1
53 130 109
53 5604 70
53 695 6
53 19096 3
53 29557 15
53 1256 1
53 19709 11
53 668 1
53 4489 10
53 661 11
53 6425 1
53 1274 9
53 1174 78
53 3087 1
53 753 14
53 3128 12
53 1201 10
53 2631 1
53 10764 96
53 1351 1
53 267 11
53 10727 18
53 776 20
53 1307 23
53 3463 60
53 337 20
53 4161 9
53 19294 9
53 956 1
53 111565 6
53 3395 9
53 6207 50
53 1479 27
53 446 78
53 14406 16
53 2355 26
53 4794 3
53 898 62
53 6156 1
53 2366 1
53 472 31
53 3328 10
53 469 13
53 11060 25
53 18898 1
53 4820 1
53 14858 4
53 1940 1
53 4302 39
53 19401 16
53 2413 1
53 976 21
53 11019 10
53 1440 8
53 4858 8
1618 10467 4
1618 4906 16
1618 2810 10
1618 10393 37
1618 4466 2
1618 4930 2
1618 3756 73
1618 10374 1
1618 576 8
1618 3252 19
1618 4989 67
1618 3236 40
1618 3245 9
1618 18584 1
1618 680 4
1618 18582 1
1618 695 1
1618 1256 28
1618 668 1
1618 4489 2
1618 661 2
1618 6425 19
1618 108899 11
1618 1153 3
1618 1174 3
1618 3087 16
1618 19164 46
1618 3128 16
1618 728 1
1618 2631 5
1618 10764 1
1618 241 24
1618 819 14
1618 1351 29
1618 267 6
1618 10731 13
1618 113660 9
1618 776 8
1618 1307 14
1618 3463 8
1618 337 16
1618 346 18
1618 19294 39
1618 956 1
1618 3395 1
1618 6207 5
1618 443 1
1618 446 1
1618 14406 2
1618 2355 3
1618 4794 12
1618 6156 11
1618 2366 3
1618 472 2
1618 3340 7
1618 3328 2
1618 469 11
1618 11060 6
1618 4820 1
1618 1940 22
1618 19401 20
1618 2413 1
1618 1440 21
1618 3384 44
10467 4906 4
10467 2810 1
10467 10393 6
10467 4466 36
10467 4930 1
10467 2798 20
10467 3756 5
10467 576 2
10467 3252 4
10467 4989 4
10467 3236 22
10467 3245 8
10467 18584 14
10467 680 2
10467 18582 1
10467 130 51
10467 5604 69
10467 695 14
10467 29557 19
10467 4496 1
10467 1256 2
10467 668 3
10467 4489 10
10467 661 4
10467 6425 6
10467 108899 1
10467 1274 5
10467 1174 28
10467 3087 1
10467 753 22
10467 19164 1
10467 3128 2
10467 728 5
10467 10764 54
10467 241 3
10467 1351 2
10467 267 11
10467 10727 13
10467 776 34
10467 1307 51
10467 3463 76
10467 337 4
10467 346 1
10467 109807 1
10467 49383 1
10467 19294 10
10467 3395 8
10467 6207 64
10467 446 10
10467 14406 2
10467 2355 31
10467 898 12
10467 6156 4
10467 2366 2
10467 472 279
10467 3340 5
10467 3328 20
10467 469 1
10467 11060 26
10467 4820 1
10467 14858 4
10467 1940 2
10467 4302 57
10467 19401 31
10467 2413 1
10467 1440 6
10467 3384 2
10467 4858 10
4906 10393 1
4906 4466 1
4906 3756 23
4906 576 4
4906 3252 4
4906 4989 33
4906 3236 10
4906 3245 19
4906 18584 2
4906 18582 12
4906 130 17
4906 29557 1
4906 668 24
4906 4489 3
4906 661 2
4906 6425 5
4906 108899 2
4906 1274 1
4906 1153 2
4906 205 3
4906 1174 7
4906 3087 8
4906 753 37
4906 19164 18
4906 3128 5
4906 1203 2
4906 244 13
4906 10764 27
4906 241 11
4906 1351 10
4906 267 1
4906 786 2
4906 10727 7
4906 113659 1
4906 113660 24
4906 2971 21
4906 776 5
4906 1307 1
4906 3463 6
4906 346 58
4906 19294 41
4906 956 1
4906 3395 18
4906 6207 1
4906 443 4
4906 446 2
4906 14406 1
4906 2355 2
4906 6156 4
4906 2366 7
4906 472 4
4906 3328 1
4906 469 8
4906 11060 3
4906 4820 44
4906 1940 16
4906 4302 7
4906 19404 1
4906 19401 6
4906 2413 28
4906 11019 11
4906 1440 7
4906 3384 19
4906 4858 6
4906 4860 11
2810 10393 17
2810 3222 149
2810 4466 1
2810 4930 1
2810 2798 3
2810 1594 3
2810 3206 74
2810 3756 113
2810 576 27
2810 578 3
2810 3252 14
2810 588 116
2810 4989 52
2810 3236 24
2810 3245 6
2810 18584 50
2810 1766 14
2810 38121 4
2810 19096 134
2810 4496 4
2810 1256 15
2810 668 2
2810 4489 2
2810 6425 3
2810 108899 2
2810 1274 3
2810 1153 1
2810 1174 107
2810 3087 1
2810 19164 2
2810 1198 28
2810 1201 51
2810 2631 18
2810 1695 30
2810 819 85
2810 1351 3
2810 267 90
2810 10731 7
2810 786 42
2810 10727 15
2810 113660 9
2810 4657 16
2810 776 70
2810 3463 2
2810 337 133
2810 350 125
2810 109807 1
2810 49383 4
2810 854 62
2810 842 24
2810 956 155
2810 18830 1
2810 1488 27
2810 401 133
2810 3395 34
2810 6207 1
2810 443 2
2810 2341 26
2810 446 138
2810 2355 1
2810 4794 106
2810 6156 64
2810 2366 1
2810 475 53
2810 3340 112
2810 3328 63
2810 469 2
2810 11060 33
2810 18898 88
2810 11067 48
2810 1940 19
2810 19404 71
2810 19401 10
2810 3360 11
2810 1948 29
2810 11019 39
2810 4858 5
2810 1922 121
2810 491 268
4947 4956 39
4947 19490 13
4947 18584 1
4947 19074 35
4947 19194 108
4947 109236 67
4947 39729 8
4947 111011 28
4947 2398 17
4947 105286 5
4947 18931 51
10393 4466 8
10393 2798 23
10393 1594 5
10393 10374 1
10393 576 26
10393 578 19
10393 3252 37
10393 4989 2
10393 3236 49
10393 3245 11
10393 18584 5
10393 680 8
10393 18582 5
10393 130 11
10393 5604 7
10393 695 9
10393 1256 121
10393 668 5
10393 4489 8
10393 661 6
10393 6425 19
10393 108899 23
10393 1274 29
10393 1153 7
10393 1174 33
10393 3087 4
10393 753 5
10393 19164 7
10393 3128 19
10393 728 3
10393 1201 3
10393 2631 8
10393 10764 5
10393 819 32
10393 1351 5
10393 267 4
10393 10731 36
10393 10727 1
10393 113660 37
10393 2971 11
10393 776 13
10393 1307 8
10393 3463 14
10393 337 15
10393 350 1
10393 346 1
10393 49918 1
10393 4161 3
10393 49383 5
10393 842 23
10393 956 2
10393 3395 3
10393 6207 20
10393 443 3
10393 446 15
10393 14406 5
10393 2355 8
10393 4794 32
10393 898 6
10393 6156 23
10393 2366 13
10393 472 3
10393 3340 14
10393 3328 7
10393 469 1
10393 11060 14
10393 18898 7
10393 4820 3
10393 14858 1
10393 1940 92
10393 4302 7
10393 19401 24
10393 2413 1
10393 1440 1
10393 4858 3
3222 576 15
3222 588 1
3222 3236 5
3222 38121 3
3222 6425 1
3222 1174 11
3222 2631 45
3222 1695 16
3222 267 10
3222 10731 1
3222 4657 13
3222 776 8
3222 337 1
3222 350 9
3222 854 41
3222 956 66
3222 1488 49
3222 401 22
3222 3395 12
3222 2341 18
3222 446 34
3222 475 45
3222 3340 291
3222 18898 26
3222 11067 24
3222 3360 15
3222 1948 28
3222 11019 14
3222 1922 136
3222 491 174
4466 4930 2
4466 2798 16
4466 3756 1
4466 576 3
4466 3252 2
4466 3236 38
4466 3245 8
4466 18584 27
4466 680 10
4466 18582 1
4466 130 146
4466 5604 168
4466 695 27
4466 19096 2
4466 29557 14
4466 1256 3
4466 19709 10
4466 668 2
4466 4489 19
4466 661 7
4466 6425 5
4466 108899 1
4466 1274 7
4466 1153 2
4466 1174 58
4466 3087 4
4466 753 15
4466 19164 1
4466 3128 10
4466 2631 1
4466 244 2
4466 10764 116
4466 819 1
4466 1351 2
4466 267 17
4466 10731 3
4466 10727 21
4466 2971 2
4466 776 21
4466 1307 38
4466 3463 127
4466 337 17
4466 4161 6
4466 19294 21
4466 956 1
4466 3395 21
4466 6207 97
4466 443 1
4466 446 43
4466 14406 15
4466 2355 53
4466 4794 1
4466 898 64
4466 6156 1
4466 2366 5
4466 472 57
4466 3328 28
4466 469 13
4466 11060 47
4466 4820 19
4466 14858 12
4466 1940 3
4466 4302 69
4466 19401 36
4466 2413 2
4466 976 11
4466 11019 7
4466 1440 7
4466 4858 8
4466 4860 9
4466 3382 1
4958 1384 3
620 3328 4
4956 19490 9
4956 18584 4
4956 16936 2
4956 19074 35
4956 19194 55
4956 109236 19
4956 39729 13
4956 111011 33
4956 2398 20
4956 105286 6
4956 18931 34
4930 2798 13
4930 1594 1
4930 3756 9
4930 576 7
4930 578 5
4930 3252 68
4930 3236 15
4930 1075 6
4930 3245 6
4930 18584 2
4930 1766 3
4930 130 4
4930 4496 1
4930 668 1
4930 108899 37
4930 1274 12
4930 1153 14
4930 1174 10
4930 3087 14
4930 1201 15
4930 1351 38
4930 267 5
4930 10731 1
4930 786 59
4930 2971 4
4930 776 3
4930 1307 6
4930 3463 5
4930 350 1
4930 109807 1
4930 49383 1
4930 19294 4
4930 956 2
4930 18830 13
4930 3395 1
4930 6207 18
4930 1479 22
4930 2355 8
4930 6156 3
4930 2366 57
4930 18898 8
4930 11067 11
4930 4820 2
4930 1940 5
4930 4302 3
4930 19401 17
4930 4860 24
4930 3382 1
19470 3245 2
19470 18584 30
19470 16936 5
19470 19709 6
19470 661 14
19470 1174 12
19470 756 22
19470 726 17
19470 241 11
19470 1384 19
19470 776 18
19470 11067 3
19470 984 42
2798 1594 8
2798 3206 1
2798 3756 1
2798 576 27
2798 578 97
2798 106796 1
2798 3236 87
2798 1075 18
2798 3245 13
2798 18584 36
2798 680 5
2798 130 54
2798 5604 19
2798 695 3
2798 19096 6
2798 29557 3
2798 4496 4
2798 1256 2
2798 19709 1
2798 668 11
2798 4489 11
2798 661 3
2798 6425 12
2798 108899 6
2798 1274 78
2798 19603 4
2798 1174 61
2798 3087 18
2798 753 5
2798 3128 3
2798 1201 9
2798 2631 4
2798 10764 20
2798 1351 72
2798 267 10
2798 1404 1
2798 10731 1
2798 10727 11
2798 776 52
2798 1307 31
2798 3463 32
2798 337 1
2798 109807 4
2798 4161 27
2798 49383 39
2798 842 84
2798 19294 8
2798 956 1
2798 18830 2
2798 1488 4
2798 3395 20
2798 6207 32
2798 1479 8
2798 3412 2
2798 446 7
2798 2355 53
2798 4794 2
2798 898 7
2798 6156 28
2798 2366 5
2798 472 17
2798 1010 1
2798 3328 22
2798 469 8
2798 11060 17
2798 993 2
2798 18898 17
2798 11067 3
2798 14858 7
2798 1940 25
2798 4302 20
2798 19401 28
2798 976 1
2798 11019 1
2798 1440 3
2798 4858 8
1594 3206 2
1594 3756 7
1594 576 3
1594 578 11
1594 588 6
1594 4989 5
1594 3236 9
1594 3245 4
1594 18584 3
1594 1766 1
1594 19096 10
1594 668 2
1594 1274 24
1594 19603 207
1594 1174 10
1594 1198 1
1594 1201 12
1594 819 4
1594 1351 1
1594 267 1
1594 776 2
1594 3463 1
1594 337 4
1594 350 5
1594 49918 1
1594 109807 4
1594 49383 2
1594 842 32
1594 956 5
1594 401 6
1594 3395 2
1594 1479 1
1594 446 4
1594 4794 8
1594 6156 5
1594 3328 3
1594 11060 4
1594 18898 4
1594 1940 3
1594 4302 1
1594 19404 4
1594 19401 1
1594 4858 2
1594 1922 2
1594 491 1
3206 3756 64
3206 576 9
3206 3252 5
3206 106796 1
3206 588 77
3206 4989 38
3206 3236 1
3206 18584 53
3206 1766 4
3206 680 2
3206 130 1
3206 19096 58
3206 6425 10
3206 1274 5
3206 1174 67
3206 19164 30
3206 1198 52
3206 1201 51
3206 819 77
3206 267 54
3206 1404 1
3206 10731 1
3206 786 43
3206 10727 41
3206 776 59
3206 3463 1
3206 337 65
3206 350 40
3206 4161 1
3206 842 24
3206 956 59
3206 18830 45
3206 1488 105
3206 401 67
3206 3395 32
3206 446 90
3206 2355 1
3206 4794 47
3206 6156 52
3206 2366 11
3206 3328 58
3206 469 1
3206 11060 46
3206 18898 70
3206 19404 60
3206 19401 9
3206 11019 4
3206 4858 22
3206 1922 83
3206 491 10
3206 3382 24
3756 576 10
3756 3252 1
3756 588 194
3756 4989 292
3756 3236 48
3756 3245 10
3756 18584 50
3756 1766 24
3756 680 1
3756 19096 226
3756 19709 1
3756 4489 2
3756 661 1
3756 108899 1
3756 1274 1
3756 1174 71
3756 3087 9
3756 19164 21
3756 3128 8
3756 1198 35
3756 1201 87
3756 10764 1
3756 241 56
3756 819 89
3756 1351 62
3756 267 76
3756 786 60
3756 10727 17
3756 776 47
3756 1307 28
3756 3463 5
3756 337 168
3756 350 64
3756 346 87
3756 4161 1
3756 842 40
3756 19294 66
3756 956 54
3756 401 102
3756 111565 1
3756 3395 23
3756 443 1
3756 446 86
3756 2355 1
3756 4794 204
3756 6156 84
3756 472 1
3756 3328 89
3756 469 22
3756 11060 108
3756 18898 72
3756 19404 74
3756 19401 37
3756 976 2
3756 11019 2
3756 1440 87
3756 3384 113
3756 4858 6
3756 1922 78
3756 491 7
19456 29557 24
19456 38201 1
10374 3236 7
10374 108899 3
10374 3087 7
10374 19164 1
10374 2631 2
10374 819 4
10374 10731 7
10374 4794 10
10374 1940 51
576 578 9
576 3252 6
576 106796 1
576 588 14
576 4989 15
576 3236 27
576 1075 10
576 3245 10
576 18584 7
576 1766 3
576 680 1
576 38121 8
576 18582 2
576 130 2
576 695 1
576 19096 21
576 29557 1
576 4496 2
576 1256 11
576 668 2
576 4489 3
576 661 2
576 6425 22
576 108899 10
576 1274 20
576 1153 1
576 19603 3
576 1174 17
576 3087 12
576 1725 3
576 19164 3
576 1198 8
576 728 1
576 1201 8
576 2631 5
576 10764 6
576 1695 1
576 819 19
576 1351 35
576 267 37
576 1404 1
576 10731 13
576 786 7
576 10727 4
576 113659 1
576 113660 10
576 4657 1
576 776 13
576 3463 6
576 337 14
576 350 25
576 346 36
576 109807 1
576 4161 5
576 49383 3
576 854 14
576 842 2
576 956 11
576 1488 41
576 401 37
576 3395 9
576 6207 5
576 1479 1
576 443 116
576 2341 1
576 446 51
576 14406 3
576 2355 17
576 4794 12
576 6156 15
576 2366 8
576 3340 45
576 3328 12
576 11060 7
576 18898 44
576 11067 6
576 4820 1
576 1940 15
576 4302 1
576 19404 9
576 19401 25
576 3360 14
576 2413 1
576 976 1
576 11019 5
576 1440 2
576 1922 15
576 491 55
578 3252 7
578 3236 32
578 1075 4
578 3245 11
578 18584 15
578 668 7
578 1274 73
578 1174 39
578 3087 8
578 19164 9
578 1201 23
578 2631 4
578 1351 18
578 10731 3
578 786 11
578 113659 10
578 113660 10
578 776 11
578 3463 1
578 869 4
578 49918 1
578 4161 9
578 49383 120
578 842 89
578 956 1
578 3395 1
578 1479 2
578 2355 4
578 4794 1
578 6156 31
578 2366 2
578 472 2
578 18898 11
578 11067 1
578 4820 2
578 1940 27
578 4302 2
578 19401 7
578 3384 1
578 4858 5
3252 4989 1
3252 3236 72
3252 3245 17
3252 687 19
3252 18584 40
3252 1766 3
3252 680 1
3252 18582 1
3252 130 4
3252 29557 1
3252 1256 39
3252 668 1
3252 4489 2
3252 661 6
3252 6425 4
3252 108899 9
3252 1274 3
3252 1153 4
3252 1174 56
3252 3087 45
3252 19164 5
3252 3128 2
3252 1203 1
3252 2631 5
3252 241 1
3252 819 21
3252 1351 103
3252 10731 11
3252 786 129
3252 10727 2
3252 113659 2
3252 113660 13
3252 776 2
3252 1307 1
3252 3463 4
3252 346 2
3252 19294 2
3252 956 5
3252 18830 1
3252 111565 13
3252 3395 3
3252 6207 1
3252 1479 6
3252 443 4
3252 14406 2
3252 2355 3
3252 4794 10
3252 6156 3
3252 2366 8
3252 472 1
3252 3328 2
3252 11060 1
3252 4820 1
3252 1940 21
3252 19404 1
3252 19401 18
3252 2413 1
3252 1440 18
3252 3384 3
106796 3236 4
106796 130 1
106796 19096 9
106796 6425 5
106796 1274 12
106796 1174 4
106796 1404 19
106796 10731 1
106796 776 2
106796 3463 1
106796 4161 2
106796 1488 2
106796 2355 1
106796 2366 1
588 4989 122
588 3245 1
588 18584 40
588 1766 15
588 19096 223
588 1174 84
588 1198 162
588 1201 154
588 819 163
588 267 100
588 786 51
588 10727 13
588 776 56
588 337 171
588 350 94
588 842 51
588 956 96
588 401 227
588 3395 9
588 446 100
588 4794 208
588 6156 178
588 3328 95
588 469 1
588 11060 110
588 18898 132
588 19404 195
588 4858 13
588 1922 79
588 491 8
4989 3236 41
4989 3245 9
4989 18584 23
4989 1766 14
4989 19096 96
4989 4489 1
4989 108899 2
4989 1174 27
4989 3087 16
4989 19164 18
4989 3128 14
4989 1198 7
4989 1201 78
4989 10764 2
4989 241 66
4989 819 27
4989 1351 63
4989 267 28
4989 786 15
4989 10727 6
4989 776 19
4989 1307 27
4989 3463 1
4989 337 85
4989 350 40
4989 346 77
4989 842 5
4989 19294 74
4989 956 23
4989 401 54
4989 3395 5
4989 443 5
4989 446 23
4989 4794 111
4989 6156 40
4989 472 1
4989 3328 14
4989 469 19
4989 11060 48
4989 18898 39
4989 19404 37
4989 19401 84
4989 1440 89
4989 3384 120
4989 1922 29
4989 491 2
3236 1075 13
3236 3245 42
3236 18584 107
3236 1766 6
3236 680 5
3236 130 54
3236 5604 19
3236 695 31
3236 4994 35
3236 19096 19
3236 29557 5
3236 2100 16
3236 4496 1
3236 1256 23
3236 19709 6
3236 668 7
3236 4489 12
3236 661 9
3236 6425 3
3236 108899 10
3236 1274 54
3236 1153 1
3236 205 1
3236 1174 204
3236 3087 38
3236 753 2
3236 19164 8
3236 3128 12
3236 728 37
3236 1201 14
3236 2631 8
3236 10764 21
3236 1695 1
3236 241 31
3236 819 17
3236 1359 32
3236 1351 113
3236 267 32
3236 1404 6
3236 10731 5
3236 786 47
3236 10727 19
3236 113660 10
3236 4657 2
3236 776 146
3236 1307 89
3236 3463 39
3236 337 11
3236 350 2
3236 346 40
3236 49918 1
3236 109807 1
3236 4161 12
3236 49383 17
3236 854 3
3236 842 70
3236 19294 51
3236 956 4
3236 18830 3
3236 1488 1
3236 111565 1
3236 3395 32
3236 6207 28
3236 443 5
3236 2341 3
3236 446 78
3236 14406 10
3236 2355 81
3236 4794 9
3236 898 23
3236 6156 15
3236 2366 3
3236 475 14
3236 472 29
3236 3340 8
3236 3328 44
3236 469 28
3236 11060 15
3236 18898 22
3236 11067 13
3236 4820 1
3236 14858 3
3236 1940 40
3236 4302 28
3236 19401 61
3236 3360 2
3236 2413 15
3236 1948 2
3236 976 30
3236 11019 5
3236 1440 42
3236 3384 39
3236 4858 5
3236 1922 2
3236 491 4
1075 3245 3
1075 3087 8
1075 2631 4
1075 1351 45
1075 776 3
1075 18830 24
1075 2355 9
1075 4794 2
1075 2366 3
1075 18898 6
1075 11067 12
1075 19401 22
19490 18584 1
19490 16936 1
19490 19074 15
19490 19194 8
19490 109236 9
19490 39729 6
19490 111011 14
19490 2398 12
19490 105286 2
19490 18931 14
3245 18584 30
3245 1766 1
3245 18582 6
3245 130 5
3245 5604 4
3245 695 1
3245 4994 1
3245 29557 4
3245 2100 1
3245 4496 1
3245 1256 6
3245 19709 5
3245 668 27
3245 4489 8
3245 661 3
3245 19074 2
3245 108899 3
3245 1274 10
3245 1153 2
3245 1174 45
3245 3087 12
3245 753 3
3245 756 1
3245 19164 4
3245 1671 2
3245 3128 4
3245 1201 2
3245 2631 4
3245 244 2
3245 10764 7
3245 726 4
3245 241 5
3245 819 4
3245 1359 1
3245 1351 21
3245 267 6
3245 10731 3
3245 786 7
3245 10727 3
3245 113659 1
3245 113660 2
3245 1384 4
3245 2971 12
3245 776 16
3245 1307 10
3245 3463 13
3245 350 1
3245 346 4
3245 49918 2
3245 109807 1
3245 4161 1
3245 49383 6
3245 19768 1
3245 842 3
3245 19294 19
3245 956 1
3245 401 2
3245 111565 1
3245 3395 16
3245 6207 3
3245 1479 1
3245 3412 1
3245 443 2
3245 446 4
3245 14406 7
3245 2355 16
3245 4794 2
3245 898 3
3245 6156 18
3245 2366 11
3245 472 6
3245 3328 5
3245 469 6
3245 11060 6
3245 18898 6
3245 4820 20
3245 14858 2
3245 1940 11
3245 984 4
3245 4302 3
3245 19401 38
3245 2413 1
3245 11019 6
3245 1440 7
3245 3384 7
3245 4858 15
3245 4860 4
687 2631 15
687 111565 142
687 1479 55
687 2366 5
18584 1766 4
18584 16936 8
18584 18582 4
18584 130 47
18584 5604 34
18584 695 2
18584 19096 43
18584 29557 9
18584 19709 19
18584 668 9
18584 4489 14
18584 661 24
18584 19074 21
18584 1274 20
18584 19194 2
18584 1174 150
18584 3087 18
18584 756 50
18584 1671 17
18584 1198 12
18584 1201 45
18584 2631 1
18584 244 2
18584 10764 18
18584 726 30
18584 241 22
18584 819 38
18584 1351 35
18584 267 45
18584 786 72
18584 10727 31
18584 1384 51
18584 776 118
18584 1307 39
18584 3463 30
18584 337 46
18584 350 16
18584 109236 4
18584 49918 4
18584 3486 17
18584 49383 8
18584 19768 27
18584 842 50
18584 19294 20
18584 956 24
18584 401 28
18584 3395 54
18584 6207 42
18584 446 65
18584 14406 8
18584 2355 49
18584 4794 40
18584 898 8
18584 6156 35
18584 39729 1
18584 2366 3
18584 111011 3
18584 472 22
18584 3328 65
18584 469 2
18584 11060 40
18584 18898 49
18584 2398 2
18584 105286 1
18584 4820 15
18584 14858 8
18584 1940 14
18584 984 109
18584 4302 38
18584 19404 25
18584 19401 24
18584 2413 3
18584 11019 4
18584 1440 2
18584 4858 3
18584 1922 52
18584 491 6
18584 18931 2
1766 4994 25
1766 19096 28
1766 2100 20
1766 1174 13
1766 3087 1
1766 1198 4
1766 1201 5
1766 819 5
1766 1359 15
1766 267 9
1766 786 7
1766 776 3
1766 337 16
1766 350 5
1766 842 2
1766 956 5
1766 401 9
1766 3395 1
1766 446 5
1766 4794 23
1766 6156 8
1766 3328 6
1766 11060 6
1766 18898 6
1766 19404 6
1766 1922 5
1766 491 2
680 130 1
680 695 2
680 19096 1
680 1256 67
680 19709 14
680 4489 3
680 661 14
680 6425 16
680 1274 2
680 205 158
680 1174 17
680 3087 1
680 753 8
680 3128 1
680 728 1
680 10764 1
680 267 1
680 10727 2
680 776 1
680 1307 1
680 3463 8
680 337 60
680 1827 120
680 4161 5
680 854 1
680 18830 6
680 401 1
680 6207 9
680 446 2
680 14406 9
680 2355 13
680 898 1
680 6156 4
680 472 1
680 3340 3
680 3328 2
680 469 21
680 11060 7
680 14858 1
680 4302 3
680 976 11
680 11019 2
680 1440 47
38121 6425 117
38121 1174 1
38121 1725 59
38121 2631 1
38121 1695 9
38121 267 6
38121 10731 11
38121 776 7
38121 337 62
38121 350 2
38121 854 28
38121 1488 1
38121 3395 4
38121 443 60
38121 475 10
38121 3340 2
38121 3360 3
38121 11019 4
38121 1922 11
38121 491 3
16936 19709 9
16936 661 2
16936 19074 15
16936 19194 1
16936 1174 5
16936 756 20
16936 726 6
16936 241 13
16936 103757 3
16936 1384 4
16936 776 4
16936 109236 2
16936 3486 2
16936 1488 16
16936 19955 1
16936 39729 2
16936 111011 4
16936 2398 3
16936 105286 2
16936 984 9
16936 18916 302
16936 4858 41
16936 18931 5
18582 130 13
18582 668 9
18582 4489 1
18582 661 4
18582 1174 5
18582 113660 4
18582 3395 1
18582 6207 13
18582 14406 1
18582 2355 2
18582 6156 2
18582 2366 9
18582 3328 2
18582 4820 6
18582 1940 19
18582 19401 1
18582 2413 1
18582 1440 3
130 5604 206
130 695 10
130 19096 1
130 29557 22
130 1256 3
130 4489 41
130 661 2
130 6425 16
130 108899 13
130 1274 12
130 1174 81
130 753 32
130 3128 58
130 10764 173
130 267 41
130 1404 1
130 10731 1
130 786 4
130 10727 64
130 113659 4
130 776 57
130 1307 51
130 3463 154
130 350 1
130 4161 1
130 19294 25
130 956 1
130 1488 1
130 3395 28
130 6207 445
130 443 8
130 446 48
130 2355 84
130 898 48
130 2366 6
130 472 90
130 3328 42
130 11060 66
130 14858 10
130 4302 151
130 19404 1
130 19401 50
130 4858 16
5604 695 8
5604 29557 37
5604 4489 17
5604 6425 1
5604 1274 5
5604 1174 56
5604 753 7
5604 3128 44
5604 10764 232
5604 267 18
5604 10727 30
5604 776 49
5604 1307 43
5604 3463 122
5604 19294 19
5604 3395 18
5604 6207 230
5604 446 50
5604 2355 76
5604 898 22
5604 472 103
5604 3328 36
5604 11060 114
5604 14858 22
5604 4302 218
5604 19401 78
5604 4858 12
695 29557 4
695 1256 1
695 4489 11
695 661 1
695 6425 5
695 1274 1
695 1174 10
695 753 6
695 3128 3
695 728 133
695 10764 12
695 267 3
695 10727 2
695 776 11
695 1307 11
695 3463 17
695 337 1
695 19294 1
695 3395 9
695 6207 9
695 446 13
695 14406 1
695 2355 36
695 898 23
695 6156 5
695 472 8
695 3340 4
695 3328 28
695 11060 9
695 14858 1
695 4302 5
695 19401 17
4994 2100 31
4994 205 1
4994 1174 7
4994 1359 136
4994 776 18
19096 4496 1
19096 19709 2
19096 4489 1
19096 661 1
19096 6425 27
19096 108899 3
19096 1274 128
19096 205 1
19096 19603 1
19096 1174 104
19096 3087 1
19096 3128 1
19096 1198 32
19096 1201 73
19096 819 77
19096 267 59
19096 1404 114
19096 10731 1
19096 786 44
19096 10727 14
19096 776 57
19096 3463 5
19096 337 203
19096 350 55
19096 109807 4
19096 4161 14
19096 49383 1
19096 842 25
19096 956 39
19096 1488 36
19096 401 159
19096 3395 18
19096 3412 1
19096 446 75
19096 14406 2
19096 2355 3
19096 4794 297
19096 6156 86
19096 2366 3
19096 1010 1
19096 3328 60
19096 469 4
19096 11060 53
19096 18898 74
19096 11067 1
19096 19404 80
19096 976 3
19096 11019 1
19096 1440 4
19096 4858 4
19096 1922 63
19096 491 6
29557 1256 1
29557 4489 5
29557 6425 1
29557 1274 3
29557 1174 11
29557 753 2
29557 10764 21
29557 267 7
29557 786 1
29557 1403 9
29557 10727 35
29557 113659 1
29557 776 2
29557 1307 9
29557 3463 23
29557 38201 14
29557 19294 7
29557 956 1
29557 3395 5
29557 6207 23
29557 443 1
29557 446 3
29557 14406 1
29557 2355 14
29557 4794 2
29557 898 4
29557 2366 1
29557 472 15
29557 3328 5
29557 11060 26
29557 18898 2
29557 14858 4
29557 4302 21
29557 19404 1
29557 19401 11
29557 4858 6
29557 18931 2
1251 1426 256
2100 1174 3
2100 1359 20
2100 776 13
4496 668 1
4496 4489 6
4496 6425 5
4496 108899 1
4496 1274 1
4496 19603 41
4496 1174 8
4496 19164 1
4496 1671 1
4496 2631 1
4496 1695 1
4496 819 1
4496 1351 2
4496 267 1
4496 10731 2
4496 113660 2
4496 776 2
4496 3463 2
4496 350 2
4496 3486 2
4496 109807 8
4496 4161 15
4496 49383 39
4496 854 3
4496 401 1
4496 3395 1
4496 6207 1
4496 3412 38
4496 443 1
4496 446 1
4496 2355 1
4496 4794 1
4496 6156 8
4496 3340 2
4496 1010 126
4496 3328 2
4496 18898 4
4496 11067 7
4496 1940 1
4496 3360 2
4496 1922 1
1256 4489 7
1256 661 12
1256 6425 7
1256 108899 2
1256 1274 1
1256 1153 8
1256 205 149
1256 1174 3
1256 3087 3
1256 753 27
1256 19164 4
1256 2631 5
1256 10764 1
1256 819 32
1256 1351 9
1256 267 1
1256 10731 44
1256 10727 2
1256 113660 117
1256 776 3
1256 1307 1
1256 3463 6
1256 1827 154
1256 956 1
1256 6207 6
1256 443 2
1256 446 1
1256 2355 12
1256 4794 51
1256 898 1
1256 2366 5
1256 472 2
1256 3328 1
1256 11060 13
1256 14858 1
1256 1940 110
1256 4302 4
1256 19401 61
1256 1440 34
19709 661 9
19709 19074 7
19709 1274 1
19709 1174 34
19709 3087 1
19709 756 38
19709 3128 7
19709 726 13
19709 241 23
19709 1384 13
19709 776 16
19709 3463 2
19709 337 24
19709 4161 8
19709 14406 18
19709 469 24
19709 984 31
19709 19401 6
19709 976 18
19709 11019 20
19709 1440 8
668 4489 1
668 661 2
668 1274 6
668 1174 16
668 753 22
668 1201 1
668 244 2
668 10764 12
668 113660 10
668 2971 2
668 776 2
668 3463 3
668 1827 1
668 109807 1
668 4161 1
668 49383 3
668 842 2
668 19294 95
668 3395 28
668 1479 1
668 14406 2
668 2355 1
668 6156 11
668 2366 5
668 3328 1
668 469 2
668 18898 1
668 4820 12
668 1940 22
668 4302 1
668 19401 5
668 2413 1
668 11019 6
668 1440 2
668 4858 3
668 4860 4
4489 661 4
4489 6425 5
4489 108899 3
4489 1274 1
4489 1153 2
4489 19603 3
4489 1174 25
4489 3087 3
4489 753 34
4489 19164 2
4489 3128 75
4489 2631 2
4489 10764 23
4489 1695 4
4489 241 3
4489 819 1
4489 1351 3
4489 267 6
4489 10731 2
4489 10727 2
4489 113660 2
4489 776 14
4489 1307 67
4489 3463 17
4489 350 4
4489 346 1
4489 109807 1
4489 49383 10
4489 854 3
4489 19294 10
4489 1488 1
4489 401 1
4489 111565 1
4489 3395 23
4489 6207 6
4489 3412 7
4489 443 1
4489 446 24
4489 14406 1
4489 2355 22
4489 4794 1
4489 898 54
4489 6156 4
4489 2366 1
4489 472 11
4489 3340 2
4489 1010 6
4489 3328 16
4489 11060 22
4489 993 3
4489 18898 3
4489 11067 2
4489 4820 1
4489 14858 8
4489 1940 1
4489 4302 12
4489 19401 17
4489 3360 2
4489 2413 1
4489 1440 2
4489 3384 1
4489 1922 1
4489 3382 1
1265 661 2
1265 19177 25
1265 756 2
1265 1351 18
1265 49918 72
1265 2027 20
1265 14443 21
1265 19955 2
1265 39750 20
1265 14858 1
661 6425 10
661 19074 46
661 108899 6
661 1274 2
661 1174 30
661 3087 9
661 753 4
661 756 108
661 19164 16
661 1671 28
661 3128 1
661 10764 1
661 726 6
661 241 18
661 1351 3
661 267 2
661 786 1
661 10727 1
661 103757 20
661 1384 18
661 776 28
661 1307 1
661 3463 7
661 337 16
661 109236 2
661 3486 32
661 4161 2
661 3395 7
661 6207 3
661 446 1
661 14406 18
661 2355 3
661 898 1
661 6156 5
661 2366 4
661 472 2
661 3328 3
661 469 9
661 11060 7
661 105286 40
661 4820 1
661 14858 2
661 1940 1
661 984 92
661 4302 2
661 19401 5
661 2413 1
661 976 12
661 11019 1
661 1440 13
661 18931 9
6425 108899 2
6425 1274 35
6425 1153 1
6425 1174 8
6425 1725 115
6425 753 4
6425 19164 7
6425 728 2
6425 2631 3
6425 10764 7
6425 1695 1
6425 819 3
6425 1351 4
6425 267 6
6425 1404 4
6425 10731 4
6425 786 9
6425 10727 35
6425 113659 29
6425 113660 4
6425 776 16
6425 1307 1
6425 3463 17
6425 337 92
6425 350 2
6425 4161 7
6425 854 14
6425 956 1
6425 1488 42
6425 401 1
6425 3395 15
6425 6207 14
6425 443 52
6425 446 4
6425 14406 1
6425 2355 4
6425 4794 1
6425 898 1
6425 6156 34
6425 2366 9
6425 472 3
6425 3340 21
6425 3328 8
6425 11060 16
6425 18898 1
6425 11067 18
6425 14858 1
6425 4302 3
6425 19404 3
6425 3360 7
6425 11019 1
6425 4858 1
6425 1922 2
6425 3382 7
19074 19194 15
19074 1174 4
19074 756 16
19074 726 2
19074 241 11
19074 103757 28
19074 1384 4
19074 776 5
19074 109236 67
19074 3486 15
19074 39729 52
19074 111011 84
19074 2398 50
19074 105286 61
19074 984 10
19074 4858 3
19074 18931 99
108899 1153 10
108899 1174 9
108899 3087 5
108899 19164 38
108899 3128 2
108899 1198 1
108899 2631 20
108899 10764 1
108899 1695 6
108899 241 3
108899 819 9
108899 1351 9
108899 267 2
108899 1404 32
108899 10731 30
108899 113660 11
108899 776 9
108899 1307 1
108899 3463 7
108899 350 1
108899 346 5
108899 4161 2
108899 854 11
108899 19294 2
108899 956 6
108899 1488 2
108899 401 4
108899 3395 2
108899 6207 30
108899 443 2
108899 446 1
108899 2355 1
108899 4794 33
108899 6156 8
108899 2366 7
108899 472 2
108899 3340 9
108899 3328 1
108899 993 7
108899 18898 3
108899 11067 4
108899 1940 1
108899 19404 1
108899 19401 1
108899 3360 6
108899 1440 2
108899 3384 4
108899 1922 1
108899 491 1
108899 3382 1
1274 1174 88
1274 3087 1
1274 753 2
1274 3128 4
1274 1201 29
1274 10764 6
1274 1351 1
1274 267 5
1274 1404 50
1274 10731 1
1274 786 6
1274 10727 8
1274 776 44
1274 1307 8
1274 3463 13
1274 337 2
1274 49918 1
1274 109807 6
1274 4161 25
1274 49383 43
1274 842 165
1274 19294 6
1274 956 1
1274 1488 19
1274 3395 1
1274 6207 6
1274 1479 2
1274 443 1
1274 446 4
1274 14406 1
1274 2355 13
1274 898 3
1274 6156 25
1274 2366 8
1274 472 8
1274 3328 7
1274 469 3
1274 11060 2
1274 993 1
1274 18898 14
1274 14858 1
1274 1940 43
1274 4302 16
1274 19401 7
1274 2413 3
1274 976 6
1274 11019 1
1274 1440 2
1274 4858 11
1274 4860 1
1153 3087 1
1153 19164 12
1153 2631 18
1153 819 1
1153 1351 3
1153 10731 10
1153 776 9
1153 3463 2
1153 956 1
1153 18830 32
1153 401 2
1153 6207 1
1153 443 1
1153 4794 8
1153 6156 1
1153 2366 8
1153 993 48
1153 1940 1
1153 3382 4
205 1174 1
205 1203 4
205 1359 1
205 776 2
205 1827 199
205 109807 16
205 14406 1
205 2355 9
205 1440 87
19194 109236 26
19194 39729 9
19194 111011 33
19194 2398 66
19194 105286 1
19194 18931 40
19603 776 1
19603 109807 4
19603 49383 51
19603 18830 58
19603 3412 136
19603 2355 4
19603 6156 33
19603 3340 6
19603 1010 33
19603 18898 2
19603 11067 2
1174 19177 3
1174 3087 23
1174 753 39
1174 756 31
1174 19164 1
1174 3128 51
1174 1198 42
1174 728 1
1174 1201 64
1174 2631 13
1174 244 4
1174 10764 29
1174 1695 4
1174 726 12
1174 241 18
1174 819 103
1174 1359 7
1174 1351 52
1174 267 94
1174 18415 6
1174 1404 32
1174 10731 4
1174 786 84
1174 10727 40
1174 113660 2
1174 1384 18
1174 2971 1
1174 4657 9
1174 776 168
1174 1307 69
1174 3463 73
1174 337 86
1174 350 68
1174 49918 1
1174 3486 2
1174 109807 5
1174 4161 49
1174 49383 18
1174 854 14
1174 19768 3
1174 842 78
1174 19294 31
1174 956 93
1174 1488 3
1174 401 93
1174 111565 1
1174 3395 63
1174 6207 42
1174 2027 12
1174 443 4
1174 2341 8
1174 446 159
1174 14406 33
1174 2355 65
1174 4794 52
1174 898 42
1174 6156 84
1174 39729 1
1174 2366 3
1174 111011 2
1174 475 14
1174 472 55
1174 3340 17
1174 3328 114
1174 469 40
1174 11060 61
1174 993 4
1174 18898 105
1174 11067 32
1174 4820 5
1174 14858 9
1174 1940 14
1174 984 28
1174 4302 50
1174 19404 71
1174 19401 47
1174 3360 10
1174 2413 32
1174 1948 16
1174 976 41
1174 11019 14
1174 1440 23
1174 4858 21
1174 1922 98
1174 491 24
1174 4860 13
1174 18931 1
1174 3382 1
19177 18415 52
19177 776 5
19177 49918 22
19177 19768 22
19177 2027 79
19177 14406 1
19177 19955 56
3087 19164 9
3087 3128 11
3087 2631 2
3087 10764 2
3087 241 8
3087 819 2
3087 1351 64
3087 10731 6
3087 786 20
3087 113659 1
3087 113660 1
3087 776 7
3087 1307 2
3087 3463 7
3087 337 1
3087 346 7
3087 4161 1
3087 19294 11
3087 956 1
3087 3395 1
3087 6207 1
3087 443 2
3087 446 4
3087 2355 12
3087 4794 1
3087 898 1
3087 2366 5
3087 472 7
3087 469 4
3087 18898 9
3087 11067 3
3087 4820 1
3087 1940 7
3087 19401 15
3087 976 2
3087 11019 2
3087 1440 12
3087 3384 11
1725 267 5
1725 776 12
1725 337 82
1725 854 3
1725 3395 16
1725 3328 1
753 3128 8
753 10764 50
753 267 2
753 10727 11
753 2971 1
753 776 4
753 1307 20
753 3463 27
753 19294 51
753 3395 80
753 6207 13
753 446 70
753 2355 12
753 898 34
753 472 11
753 3328 1
753 469 9
753 11060 23
753 4820 11
753 14858 1
753 1940 49
753 4302 30
753 19401 7
753 2413 3
753 4858 13
753 4860 11
756 726 19
756 241 44
756 1351 1
756 1384 78
756 776 33
756 6207 1
756 39750 3
756 11067 1
756 14858 1
756 984 142
19164 3128 3
19164 2631 14
19164 1695 1
19164 241 45
19164 819 2
19164 1351 17
19164 267 1
19164 10731 12
19164 113659 73
19164 113660 63
19164 776 6
19164 1307 4
19164 3463 4
19164 350 1
19164 346 16
19164 869 41
19164 854 1
19164 19294 9
19164 956 1
19164 1488 34
19164 401 1
19164 3395 9
19164 6207 1
19164 443 1
19164 446 1
19164 4794 24
19164 6156 2
19164 2366 1
19164 472 3
19164 3340 1
19164 3328 1
19164 469 3
19164 18898 1
19164 11067 1
19164 4820 1
19164 1940 1
19164 19401 7
19164 3360 1
19164 11019 2
19164 1440 11
19164 3384 56
19164 4858 8
19164 1922 1
19164 3382 13
1671 776 11
1671 3486 58
1671 3395 7
1671 14406 8
3128 10764 3
3128 241 2
3128 1351 7
3128 267 4
3128 776 19
3128 1307 91
3128 3463 7
3128 337 5
3128 350 1
3128 346 9
3128 4161 25
3128 19294 12
3128 3395 1
3128 6207 43
3128 446 44
3128 14406 7
3128 898 128
3128 472 3
3128 469 10
3128 11060 2
3128 4302 5
3128 19401 33
3128 976 47
3128 11019 1
3128 1440 14
3128 3384 8
19163 776 1
1198 1201 20
1198 819 120
1198 267 58
1198 786 36
1198 10727 6
1198 776 49
1198 337 24
1198 350 55
1198 854 1
1198 842 32
1198 956 91
1198 401 112
1198 3395 2
1198 446 58
1198 4794 36
1198 6156 121
1198 3328 92
1198 469 1
1198 11060 37
1198 18898 77
1198 19404 188
1198 4858 8
1198 1922 44
1198 491 3
728 776 3
728 3463 1
728 337 1
728 6207 2
728 446 1
728 14406 2
728 2355 27
728 6156 9
728 3340 6
728 3328 27
728 11060 1
728 19401 16
728 4858 4
1203 241 1
1203 776 29
1203 1440 77
1201 2631 3
1201 819 52
1201 1351 1
1201 267 37
1201 786 33
1201 10727 12
1201 776 28
1201 337 56
1201 350 26
1201 49918 1
1201 4161 3
1201 49383 15
1201 842 77
1201 956 66
1201 401 56
1201 3395 16
1201 446 49
1201 4794 115
1201 6156 88
1201 2366 1
1201 3328 49
1201 469 1
1201 11060 65
1201 18898 73
1201 1940 7
1201 4302 1
1201 19404 52
1201 19401 2
1201 4858 2
1201 1922 46
1201 491 6
2631 1695 30
2631 819 3
2631 1351 14
2631 267 3
2631 10731 17
2631 113660 5
2631 4657 22
2631 776 8
2631 3463 2
2631 350 1
2631 4161 1
2631 854 22
2631 842 1
2631 956 26
2631 18830 43
2631 1488 16
2631 401 1
2631 111565 2
2631 3395 5
2631 6207 1
2631 1479 78
2631 443 1
2631 2341 24
2631 446 6
2631 4794 3
2631 6156 2
2631 2366 9
2631 1426 1
2631 475 7
2631 3340 9
2631 3328 1
2631 469 1
2631 993 36
2631 18898 7
2631 11067 12
2631 1940 4
2631 4302 1
2631 19401 1
2631 3360 21
2631 1948 2
2631 11019 3
2631 1922 1
2631 491 4
2631 3382 2
244 2971 26
244 19294 2
244 2355 8
244 3328 1
244 469 1
244 4820 15
244 14858 1
244 1940 3
244 2413 10
244 4860 12
10764 267 17
10764 10727 42
10764 776 19
10764 1307 36
10764 3463 90
10764 350 1
10764 346 1
10764 19294 38
10764 3395 26
10764 6207 208
10764 443 3
10764 446 26
10764 2355 47
10764 898 27
10764 472 64
10764 3328 11
10764 11060 52
10764 14858 7
10764 1940 15
10764 4302 158
10764 19401 31
10764 2413 1
10764 4858 7
10764 4860 3
1695 819 2
1695 1351 1
1695 267 7
1695 10731 11
1695 113660 1
1695 4657 25
1695 776 2
1695 337 3
1695 350 16
1695 854 67
1695 956 7
1695 1488 28
1695 401 2
1695 3395 21
1695 443 1
1695 2341 32
1695 446 4
1695 4794 1
1695 6156 1
1695 475 206
1695 3340 59
1695 3328 1
1695 18898 3
1695 11067 8
1695 3360 13
1695 1948 19
1695 11019 120
1695 1922 66
1695 491 42
726 241 11
726 1384 57
726 776 7
726 984 46
241 1351 13
241 1384 6
241 776 33
241 1307 6
241 3463 1
241 38201 2
241 346 29
241 19294 28
241 472 2
241 469 11
241 984 36
241 19401 12
241 1440 56
241 3384 74
819 1351 3
819 267 118
819 10731 12
819 786 66
819 10727 23
819 113660 10
819 776 99
819 3463 1
819 337 57
819 350 145
819 854 8
819 842 57
819 956 166
819 18830 8
819 401 116
819 3395 16
819 6207 1
819 443 1
819 446 131
819 4794 107
819 6156 211
819 2366 2
819 475 1
819 3340 1
819 3328 193
819 469 1
819 11060 76
819 18898 148
819 11067 1
819 1940 33
819 19404 169
819 19401 12
819 3360 5
819 4858 30
819 1922 113
819 491 7
1359 776 5
1351 267 1
1351 10731 22
1351 786 86
1351 113660 16
1351 776 17
1351 1307 35
1351 3463 4
1351 350 2
1351 346 17
1351 854 8
1351 19294 30
1351 956 1
1351 18830 3
1351 401 1
1351 3395 2
1351 6207 1
1351 1479 10
1351 443 2
1351 446 1
1351 2355 24
1351 4794 4
1351 6156 4
1351 2366 16
1351 475 1
1351 472 1
1351 3340 3
1351 3328 7
1351 469 21
1351 18898 15
1351 11067 51
1351 14858 1
1351 1940 1
1351 19401 51
1351 3360 7
1351 1440 38
1351 3384 53
1351 1922 1
267 10731 1
267 786 37
267 10727 29
267 113660 1
267 4657 2
267 776 73
267 1307 26
267 3463 26
267 337 58
267 350 145
267 854 6
267 842 34
267 19294 15
267 956 78
267 18830 3
267 1488 23
267 401 134
267 111565 1
267 3395 26
267 6207 26
267 443 1
267 2341 4
267 446 133
267 2355 26
267 4794 59
267 898 7
267 6156 72
267 475 7
267 472 16
267 3340 27
267 3328 81
267 469 1
267 11060 32
267 18898 139
267 11067 8
267 14858 6
267 4302 22
267 19404 97
267 19401 10
267 3360 5
267 1948 7
267 11019 12
267 4858 22
267 1922 75
267 491 48
18415 776 15
18415 19768 19
18415 2027 21
18415 39729 1
18415 111011 1
18415 39750 1
1404 10731 1
1404 776 10
1404 3463 1
1404 109807 11
1404 4161 6
1404 1488 5
1404 2355 1
1404 2366 1
1404 3382 1
10731 113659 38
10731 113660 69
10731 4657 5
10731 776 2
10731 3463 6
10731 350 2
10731 869 16
10731 4161 1
10731 854 25
10731 956 3
10731 1488 3
10731 401 1
10731 3395 1
10731 6207 9
10731 443 3
10731 446 1
10731 2355 1
10731 4794 17
10731 6156 3
10731 2366 22
10731 475 6
10731 472 2
10731 3340 7
10731 3328 5
10731 993 4
10731 18898 1
10731 11067 12
10731 4820 7
10731 1940 19
10731 19401 6
10731 3360 11
10731 976 3
10731 11019 9
10731 3384 1
10731 1922 4
10731 491 1
786 10727 26
786 113659 4
786 776 46
786 3463 1
786 337 38
786 350 26
786 842 33
786 956 36
786 401 30
786 3395 18
786 1479 10
786 443 8
786 446 63
786 2355 2
786 4794 52
786 6156 35
786 2366 2
786 3328 63
786 469 1
786 11060 38
786 18898 48
786 19404 47
786 19401 4
786 4858 6
786 1922 50
786 491 6
1403 38201 72
10727 113659 6
10727 776 17
10727 1307 15
10727 3463 28
10727 337 9
10727 350 6
10727 842 12
10727 19294 14
10727 956 12
10727 401 12
10727 3395 17
10727 6207 37
10727 443 23
10727 446 29
10727 2355 25
10727 4794 27
10727 898 6
10727 6156 13
10727 2366 4
10727 472 20
10727 3328 32
10727 11060 37
10727 18898 19
10727 14858 2
10727 4302 37
10727 19404 11
10727 19401 16
10727 3360 10
10727 4858 1
10727 1922 19
10727 491 4
113659 113660 157
113659 3463 1
113659 869 191
113659 956 1
113659 3395 3
113659 443 21
113659 2366 1
113659 472 3
113659 11060 1
113659 4820 8
113659 19404 4
113659 19401 13
113659 3384 6
103757 109236 3
103757 3486 6
103757 105286 24
103757 4858 18
103757 18931 6
113660 776 2
113660 350 2
113660 869 144
113660 854 15
113660 19294 3
113660 401 1
113660 3395 1
113660 446 1
113660 4794 8
113660 6156 7
113660 472 6
113660 3340 2
113660 3328 6
113660 18898 1
113660 11067 8
113660 4820 5
113660 1940 21
113660 19401 61
113660 3360 11
113660 11019 1
113660 3384 16
113660 1922 1
1384 776 8
1384 984 66
2971 3463 2
2971 19294 3
2971 6156 4
2971 469 5
2971 4820 50
2971 1940 5
2971 2413 1
2971 4860 166
4657 776 2
4657 337 1
4657 854 26
4657 956 12
4657 3395 14
4657 2341 205
4657 446 3
4657 475 82
4657 3340 4
4657 18898 3
4657 11067 46
4657 3360 8
4657 1948 30
4657 11019 27
4657 1922 12
4657 491 3
776 1307 49
776 3463 25
776 337 64
776 350 52
776 346 3
776 49918 4
776 3486 1
776 109807 2
776 4161 1
776 49383 1
776 854 3
776 19768 9
776 842 218
776 19294 17
776 956 55
776 18830 1
776 1488 2
776 401 66
776 3395 81
776 6207 48
776 2027 2
776 3412 1
776 14443 2
776 2341 2
776 446 135
776 14406 7
776 2355 26
776 19955 4
776 4794 53
776 898 29
776 6156 69
776 2366 2
776 475 18
776 472 42
776 3340 4
776 1010 1
776 3328 85
776 469 4
776 39750 3
776 11060 39
776 18898 130
776 11067 17
776 14858 3
776 1940 35
776 984 40
776 4302 27
776 19404 61
776 19401 30
776 3360 3
776 1948 18
776 11019 7
776 1440 26
776 3384 4
776 4858 21
776 1922 92
776 491 8
776 18931 3
776 3382 1
1307 3463 39
1307 350 3
1307 346 8
1307 19294 35
1307 3395 63
1307 6207 28
1307 446 55
1307 2355 50
1307 898 115
1307 472 64
1307 3328 32
1307 469 17
1307 11060 26
1307 14858 14
1307 4302 32
1307 19401 51
1307 1440 33
1307 3384 17
1307 4858 1
3463 337 14
3463 346 1
3463 109807 1
3463 4161 7
3463 49383 1
3463 842 2
3463 19294 24
3463 956 2
3463 1488 2
3463 111565 1
3463 3395 19
3463 6207 136
3463 443 5
3463 446 30
3463 14406 9
3463 2355 51
3463 4794 7
3463 898 32
3463 6156 3
3463 2366 6
3463 472 98
3463 3340 3
3463 3328 28
3463 469 12
3463 11060 46
3463 4820 1
3463 14858 9
3463 1940 2
3463 4302 102
3463 19404 1
3463 19401 33
3463 976 12
3463 11019 3
3463 1440 9
3463 3384 1
3463 4858 14
3463 4860 3
337 350 63
337 4161 11
337 854 4
337 842 24
337 956 33
337 401 111
337 3395 27
337 6207 10
337 446 73
337 14406 25
337 2355 2
337 4794 203
337 6156 73
337 3340 13
337 3328 50
337 469 33
337 11060 46
337 18898 67
337 11067 1
337 19404 62
337 19401 9
337 976 31
337 11019 13
337 1440 9
337 4858 2
337 1922 71
337 491 7
350 854 9
350 842 38
350 956 99
350 18830 1
350 1488 14
350 401 166
350 3395 12
350 2341 1
350 446 114
350 4794 69
350 898 1
350 6156 114
350 475 12
350 3340 34
350 3328 79
350 469 1
350 11060 31
350 18898 102
350 11067 1
350 19404 105
350 3360 4
350 11019 51
350 4858 30
350 1922 51
350 491 104
38201 49918 1
38201 19768 4
38201 14406 11
38201 4858 1
346 19294 88
346 443 2
346 472 2
346 469 11
346 19401 12
346 1440 30
346 3384 48
109236 39729 39
109236 111011 52
109236 2398 28
109236 105286 18
109236 18931 82
869 472 2
869 4820 1
869 19401 23
869 3384 16
49918 19278 3
49918 19768 27
49918 842 1
49918 2027 25
49918 14443 10
49918 14406 4
49918 19955 16
49918 39750 10
49918 18898 1
49918 4302 1
49918 19401 1
3486 3395 10
3486 6207 1
3486 14406 3
3486 105286 6
3486 4820 45
3486 14858 151
3486 18931 3
1827 19294 1
1827 2355 6
1827 469 1
1827 1440 86
109807 4161 59
109807 49383 3
109807 3412 5
109807 443 1
109807 2355 1
109807 6156 1
109807 1010 5
109807 18898 1
109807 11067 4
109807 1940 1
4161 49383 11
4161 842 2
4161 1488 4
4161 1479 1
4161 443 2
4161 14406 12
4161 2355 2
4161 6156 4
4161 2366 2
4161 469 12
4161 1940 2
4161 4302 1
4161 19401 21
4161 976 24
4161 11019 1
4161 1440 9
4161 4858 2
4161 3382 1
49383 842 1
49383 18830 11
49383 3412 295
49383 2355 5
49383 6156 25
49383 1010 141
49383 18898 2
49383 11067 1
49383 1940 23
49383 4858 1
854 956 11
854 18830 4
854 1488 5
854 401 4
854 3395 14
854 2341 17
854 446 10
854 4794 1
854 6156 14
854 475 49
854 3340 77
854 3328 7
854 18898 3
854 11067 82
854 19404 4
854 3360 46
854 1948 13
854 11019 29
854 1922 42
854 491 39
19278 19955 1
19768 2027 15
19768 14406 11
19768 39729 1
19768 111011 2
19768 39750 1
842 956 36
842 401 34
842 3395 24
842 1479 1
842 446 40
842 4794 37
842 6156 60
842 2366 1
842 3328 48
842 469 1
842 11060 37
842 18898 69
842 1940 95
842 4302 8
842 19404 28
842 19401 1
842 4858 10
842 1922 45
842 491 2
19294 3395 68
19294 6207 16
19294 446 13
19294 14406 3
19294 2355 17
19294 898 8
19294 472 15
19294 3328 14
19294 469 15
19294 11060 12
19294 4820 6
19294 14858 8
19294 1940 28
19294 4302 20
19294 19401 39
19294 2413 2
19294 1440 72
19294 3384 71
19294 4858 5
19294 4860 9
956 18830 23
956 1488 22
956 401 130
956 3395 35
956 6207 1
956 1479 1
956 443 2
956 2341 13
956 446 102
956 4794 67
956 6156 95
956 2366 3
956 475 31
956 3340 32
956 3328 153
956 469 1
956 11060 42
956 18898 94
956 11067 48
956 1940 1
956 19404 104
956 19401 3
956 3360 21
956 1948 34
956 11019 19
956 4858 15
956 1922 111
956 491 79
18830 1488 3
18830 401 9
18830 3395 3
18830 1479 14
18830 3412 176
18830 446 17
18830 6156 47
18830 2366 13
18830 1010 64
18830 3328 3
18830 993 20
18830 18898 26
18830 19404 1
18830 19401 31
18830 491 8
1488 401 38
1488 3395 17
1488 2341 9
1488 446 42
1488 2355 1
1488 2366 13
1488 475 8
1488 3340 62
1488 18898 35
1488 11067 2
1488 19401 2
1488 3360 1
1488 18916 10
1488 11019 5
1488 4858 16
1488 1922 9
1488 491 44
1488 3382 32
401 3395 11
401 446 148
401 4794 88
401 6156 121
401 2366 1
401 475 6
401 3340 43
401 3328 109
401 469 1
401 11060 57
401 18898 186
401 11067 1
401 19404 183
401 19401 4
401 3360 1
401 4858 14
401 1922 72
401 491 79
111565 1479 8
111565 443 3
111565 446 1
111565 2355 1
111565 2366 3
3395 6207 10
3395 1479 1
3395 443 3
3395 2341 24
3395 446 54
3395 14406 10
3395 2355 34
3395 4794 14
3395 898 12
3395 6156 19
3395 2366 4
3395 475 26
3395 472 13
3395 3340 3
3395 3328 51
3395 11060 46
3395 18898 48
3395 11067 18
3395 4820 15
3395 14858 11
3395 1940 36
3395 4302 14
3395 19404 4
3395 19401 33
3395 3360 21
3395 2413 3
3395 1948 86
3395 11019 10
3395 1440 1
3395 4858 3
3395 1922 39
3395 491 9
3395 4860 12
3395 18931 1
3395 3382 11
6207 443 1
6207 446 24
6207 14406 4
6207 2355 51
6207 4794 1
6207 898 15
6207 6156 7
6207 2366 1
6207 472 83
6207 3340 11
6207 3328 32
6207 11060 79
6207 14858 6
6207 1940 1
6207 984 2
6207 4302 208
6207 19401 26
6207 4858 13
1479 2366 18
1479 18898 2
1479 4302 1
1479 4858 3
2027 14406 2
2027 19955 3
2027 39729 1
2027 111011 2
2027 39750 3
3412 2355 7
3412 6156 66
3412 1010 262
3412 18898 2
3412 11067 3
14443 39750 105
443 2341 1
443 446 4
443 2355 2
443 4794 1
443 2366 5
443 475 3
443 11060 1
443 1940 1
443 19404 2
2341 446 13
2341 475 165
2341 3340 21
2341 18898 3
2341 11067 65
2341 3360 7
2341 1948 40
2341 11019 34
2341 1922 7
2341 491 23
446 14406 1
446 2355 20
446 4794 61
446 898 79
446 6156 77
446 2366 1
446 475 22
446 472 17
446 3340 51
446 3328 115
446 469 1
446 11060 60
446 18898 149
446 11067 57
446 14858 8
446 4302 29
446 19404 88
446 19401 14
446 3360 8
446 1948 14
446 11019 11
446 4858 20
446 1922 118
446 491 80
14406 2355 3
14406 19955 1
14406 6156 4
14406 2366 2
14406 3340 5
14406 3328 3
14406 469 21
14406 11060 1
14406 4820 1
14406 1940 1
14406 19401 14
14406 2413 1
14406 976 39
14406 11019 6
14406 1440 16
2355 898 17
2355 6156 4
2355 2366 6
2355 472 37
2355 3340 4
2355 1010 4
2355 3328 58
2355 11060 37
2355 18898 11
2355 11067 4
2355 4820 1
2355 14858 14
2355 1940 6
2355 4302 44
2355 19401 54
2355 2413 36
2355 1440 7
2355 4858 21
2355 4860 24
4794 6156 106
4794 2366 3
4794 3340 1
4794 3328 65
4794 11060 80
4794 18898 86
4794 11067 1
4794 1940 40
4794 19404 85
4794 19401 8
4794 3360 1
4794 4858 6
4794 1922 62
4794 491 4
898 472 17
898 3328 8
898 11060 10
898 14858 2
898 4302 20
898 19401 7
898 4858 5
6156 2366 3
6156 3340 6
6156 1010 19
6156 3328 117
6156 469 1
6156 11060 82
6156 993 9
6156 18898 103
6156 11067 22
6156 4820 2
6156 1940 11
6156 4302 4
6156 19404 127
6156 3360 5
6156 2413 1
6156 11019 1
6156 1440 2
6156 4858 18
6156 1922 45
6156 491 4
6156 4860 2
39729 111011 154
39729 2398 45
39729 105286 3
39729 18931 44
2366 3328 3
2366 11060 1
2366 18898 2
2366 4820 2
2366 1940 11
2366 4302 1
2366 19404 1
2366 19401 4
2366 2413 2
2366 1440 1
111011 2398 42
111011 105286 4
111011 18931 100
1426 3382 1
475 3340 100
475 18898 32
475 11067 130
475 3360 7
475 1948 85
475 11019 101
475 1922 149
475 491 54
472 3328 25
472 11060 41
472 4820 1
472 14858 7
472 4302 84
472 19401 43
472 1440 1
472 3384 4
472 4858 10
3340 3328 10
3340 11060 5
3340 18898 33
3340 11067 63
3340 19401 1
3340 3360 10
3340 11019 14
3340 1922 227
3340 491 203
1010 18898 2
1010 11067 1
1010 11019 5
3328 469 1
3328 11060 80
3328 18898 105
3328 11067 2
3328 4820 1
3328 14858 9
3328 1940 2
3328 4302 27
3328 19404 148
3328 19401 28
3328 3360 5
3328 2413 1
3328 1440 1
3328 4858 15
3328 1922 69
3328 491 5
3328 4860 5
469 18898 1
469 4820 2
469 14858 1
469 19404 1
469 19401 13
469 2413 2
469 976 17
469 11019 18
469 1440 35
469 3384 11
469 4858 1
469 1922 1
469 491 1
469 4860 4
11060 18898 56
11060 14858 10
11060 4302 27
11060 19404 70
11060 19401 48
11060 4858 6
11060 1922 35
11060 491 2
993 18898 2
993 3382 1
18898 11067 26
18898 1940 6
18898 4302 3
18898 19404 139
18898 19401 17
18898 3360 2
18898 1948 39
18898 11019 6
18898 4858 11
18898 1922 140
18898 491 43
18898 3382 1
2398 105286 7
2398 18931 39
11067 19401 11
11067 3360 34
11067 1948 50
11067 11019 74
11067 1922 78
11067 491 17
105286 18931 26
4820 14858 23
4820 1940 28
4820 2413 1
4820 11019 2
4820 1440 1
4820 3384 1
4820 4860 102
14858 4302 11
14858 19401 15
14858 4860 2
1940 4302 3
1940 19401 25
1940 2413 2
1940 1440 1
1940 4858 2
1940 4860 12
4302 19401 32
4302 4858 1
19404 4858 14
19404 1922 67
19404 491 7
19401 2413 1
19401 976 56
19401 11019 1
19401 1440 22
19401 3384 16
19401 4858 9
19401 491 1
19401 4860 2
3360 1948 1
3360 11019 8
3360 1922 1
3360 491 7
2413 1440 1
2413 4858 1
2413 4860 2
1948 11019 18
1948 1922 61
976 11019 3
976 1440 18
18916 4858 33
11019 1440 2
11019 1922 45
11019 491 71
1440 3384 78
4858 1922 9
4858 491 1
4858 4860 1
4858 18931 1
4858 3382 6
1922 491 58
