User 19404 and 350 meet 9 times.
A.weight		B.weight		A.lati		A.longi		B.lati		B.longi
0.00642872		0.00603797		30.4646		-97.8190		30.4646		-97.8190
0.00642872		0.00603797		30.4646		-97.8190		30.4646		-97.8190
0.00642872		0.00603797		30.4646		-97.8190		30.4646		-97.8190
0.00642872		0.00603797		30.4646		-97.8190		30.4646		-97.8190
0.0475274		0.139444		30.2734		-97.7664		30.2734		-97.7664
0.0763816		0.00167663		30.3255		-97.7019		30.3255		-97.7019
0.0473251		0.138783		30.2735		-97.7664		30.2735		-97.7664
0.0473251		0.139444		30.2735		-97.7664		30.2734		-97.7664
0.0473251		0.139444		30.2735		-97.7664		30.2734		-97.7664
User pair 19404 and 350 has measure 27.0919



User 3756 and 4989 meet 11 times.
A.weight		B.weight		A.lati		A.longi		B.lati		B.longi
0.232524		0.122641		30.2636		-97.7396		30.2635		-97.7402
0.233640		0.122641		30.2635		-97.7402		30.2635		-97.7402
0.233640		0.122641		30.2635		-97.7402		30.2635		-97.7402
0.229026		0.119160		30.2640		-97.7419		30.2639		-97.7418
0.0328831		0.149301		47.6188		-122.355		47.6188		-122.355
0.0691317		0.0680842		47.6613		-122.325		47.6613		-122.325
0.0328831		0.149301		47.6188		-122.355		47.6188		-122.355
0.0691317		0.0680842		47.6613		-122.325		47.6613		-122.325
0.0645214		0.0654410		47.6466		-122.350		47.6466		-122.350
0.0249464		0.0313134		47.6757		-122.320		47.6757		-122.320
0.0691317		0.0680842		47.6613		-122.325		47.6613		-122.325
User pair 3756 and 4989 has measure 12.6525


User 819 and 3328 meet 8 times.
A.weight		B.weight		A.lati		A.longi		B.lati		B.longi
0.0470050		0.0122175		30.2414		-97.7589		30.2414		-97.7589
0.0341896		0.00906743		30.2214		-97.7100		30.2214		-97.7100
0.0124493		0.00274473		30.2178		-97.7963		30.2179		-97.7964
0.0341896		0.00906743		30.2214		-97.7100		30.2214		-97.7100
0.0198052		0.00254509		30.2001		-97.7765		30.2001		-97.7765
0.0947928		0.0477424		30.2682		-97.7421		30.2682		-97.7421
0.000664566		0.000922694		30.0140		-97.8573		30.0140		-97.8573
0.0338049		0.00998203		30.1646		-97.7929		30.1654		-97.7925
User pair 819 and 3328 has measure 31.7656



User 588 and 401 meet 15 times.
A.weight		B.weight		A.lati		A.longi		B.lati		B.longi
0.0294706		0.0798459		30.4016		-97.7265		30.4016		-97.7265
0.166436		0.0509145		30.2803		-97.7436		30.2800		-97.7427
0.424464		0.119236		30.2668		-97.7392		30.2673		-97.7398
0.414660		0.123580		30.2644		-97.7396		30.2636		-97.7396
0.401078		0.126385		30.2635		-97.7402		30.2635		-97.7402
0.394297		0.118149		30.2645		-97.7384		30.2645		-97.7384
0.397117		0.126385		30.2636		-97.7396		30.2635		-97.7402
0.401078		0.126385		30.2635		-97.7402		30.2635		-97.7402
0.397117		0.126385		30.2636		-97.7396		30.2635		-97.7402
0.401078		0.126385		30.2635		-97.7402		30.2635		-97.7402
0.425997		0.122020		30.2671		-97.7393		30.2663		-97.7396
0.174586		0.0537414		30.2623		-97.7294		30.2623		-97.7294
0.401078		0.126385		30.2635		-97.7402		30.2635		-97.7402
0.401078		0.126385		30.2635		-97.7402		30.2635		-97.7402
0.212810		0.0682793		30.2587		-97.7525		30.2587		-97.7525
User pair 588 and 401 has measure 8.34009



User 551 and 3340 meet 5 times.
A.weight		B.weight		A.lati		A.longi		B.lati		B.longi
0.214127		0.0550472		32.7528		-97.3319		32.7536		-97.3320
0.0288043		0.0147385		32.6584		-97.3492		32.6584		-97.3492
0.0288043		0.0147385		32.6584		-97.3492		32.6584		-97.3492
0.0288043		0.0147385		32.6584		-97.3492		32.6584		-97.3492
0.00682795		0.00334846		32.7516		-97.0830		32.7516		-97.0830
User pair 551 and 3340 has measure 14.6681

