776	2810	1
776	401	1
776	573	1
776	14446	1
776	113789	1
10971	39613	1
10971	39746	1
10971	105716	1
18931	4956	1
18931	39561	1
18931	1400	1
18931	175	1
18931	39619	1
18931	105321	1
18931	113232	1
18931	49920	1
620	38346	9
49918	39750	1
49918	10610	2
49918	49938	3
19096	588	2
19096	3756	4
19096	2810	2
19096	19404	1
19096	350	2
19096	521	1
19096	267	1
19096	4794	1
19096	4879	1
19096	4678	1
19096	18352	1
19096	11096	1
19096	490	1
19096	211	2
19096	460	1
19096	515	1
19096	11097	1
19096	138	1
19096	5576	2
19096	3817	1
19096	6248	1
19096	335	1
19096	384	1
19096	19537	1
19096	43981	1
19096	6296	1
695	728	1
695	10812	1
695	3018	1
19278	19957	1
22	3236	1
22	2810	2
22	3158	1
22	19378	1
22	211	1
22	11097	1
22	3914	2
22	5845	1
22	4559	1
53	2798	1
53	3328	1
53	10467	1
53	486	2
53	457	1
53	4738	1
53	4864	2
53	633	1
53	116	1
53	4781	1
53	313	1
53	197	1
1174	1146	1
1174	4794	1
1174	3631	1
1174	3165	1
1174	4738	1
1174	6278	1
1174	19755	1
1174	125152	2
1174	5739	1
1174	38428	1
1174	865	1
576	3756	1
576	2810	1
576	534	1
576	531	1
576	4390	1
576	406	2
576	4517	1
576	3703	1
576	533	1
576	503	1
576	313	1
576	5845	1
576	4896	1
576	112	1
578	3228	3
578	2685	6
578	3207	1
578	237	2
11067	10812	1
11067	4141	1
472	3328	1
472	29557	1
472	4864	1
472	4815	1
472	1120	1
472	633	1
472	460	1
472	6278	1
472	18190	1
472	135	1
472	81384	1
472	119	1
472	18426	1
1695	3439	1
1695	3396	1
19177	19955	2
19177	49938	1
588	1108	1
588	3756	2
588	337	3
588	2810	2
588	19404	1
588	350	3
588	4989	2
588	267	3
588	6156	1
588	573	1
588	18898	1
588	4794	1
588	4879	2
588	3155	1
588	4678	1
588	4804	1
588	19378	2
588	3574	1
588	11096	1
588	490	2
588	4141	2
588	460	1
588	4690	1
588	15505	1
588	515	1
588	10762	1
588	116	1
588	2241	1
588	18190	1
588	510	2
588	4517	1
588	4627	2
588	5739	1
588	15067	1
588	3703	1
588	5237	2
588	4936	1
588	3682	1
588	3817	1
588	436	2
588	533	1
588	3018	2
588	141	2
588	6248	1
588	15249	1
588	313	1
588	266	1
588	335	2
588	135	2
588	148	3
588	3769	1
588	312	2
588	5504	1
588	131	1
588	248	1
588	5845	2
588	8626	1
588	242	1
588	6594	1
588	4078	3
588	6296	2
588	197	2
680	49804	1
680	4738	1
1198	18898	1
1198	323	1
1198	3870	1
1198	11206	1
3222	226	1
3222	4627	1
3222	11070	1
3222	124112	1
819	842	1
819	267	2
819	956	6
819	10837	1
819	10812	1
819	2319	1
819	323	1
819	5236	1
819	266	1
819	14447	1
819	131	1
819	3499	1
819	242	1
819	180	1
819	4078	1
819	3383	1
491	2810	1
491	350	1
491	267	1
491	1759	1
1108	3756	1
1108	2810	1
1108	4989	3
1108	267	1
1108	6156	2
1108	573	1
1108	4879	1
1108	4368	1
1108	4678	1
1108	124	1
1108	19378	1
1108	1388	1
1108	3574	1
1108	490	1
1108	1773	1
1108	138	1
1108	98	1
1108	4319	1
1108	2241	1
1108	510	2
1108	5717	1
1108	5576	1
1108	494	1
1108	3703	1
1108	5237	1
1108	1192	1
1108	3817	2
1108	4165	2
1108	3018	1
1108	141	1
1108	335	2
1108	135	3
1108	384	1
1108	18953	3
1108	312	1
1108	4467	2
1108	5504	1
1108	248	1
1108	19537	1
1108	5845	1
1108	8626	1
1108	10107	1
1108	43981	1
1108	4078	1
1108	112	1
1108	3888	1
1108	3383	2
1108	6296	4
1108	197	1
19194	109236	1
19194	111026	1
551	2810	1
551	3476	1
3236	6756	1
3236	3106	1
3236	3870	1
3236	741	1
3384	5994	1
19456	5479	2
19456	102810	2
3756	337	3
3756	2810	2
3756	19404	1
3756	401	2
3756	350	2
3756	521	1
3756	267	1
3756	4794	1
3756	4804	1
3756	4318	5
3756	19378	1
3756	1388	3
3756	11096	1
3756	490	2
3756	211	1
3756	460	1
3756	515	1
3756	116	1
3756	138	1
3756	98	1
3756	4319	2
3756	510	1
3756	4517	1
3756	4627	1
3756	5576	3
3756	5237	1
3756	3817	1
3756	436	1
3756	4165	1
3756	141	4
3756	15249	1
3756	313	2
3756	135	3
3756	148	1
3756	5504	1
3756	131	1
3756	5845	1
3756	10107	1
3756	43981	1
3756	3888	1
3756	3383	1
3756	6296	2
3756	197	1
337	401	3
337	350	1
337	4989	2
337	4794	2
337	4879	1
337	1388	2
337	11096	2
337	490	4
337	211	2
337	5236	1
337	138	1
337	18190	1
337	436	1
337	4165	3
337	335	1
337	135	3
337	4467	1
337	43981	2
337	3383	1
337	197	1
2810	19404	1
2810	4989	2
2810	267	1
2810	6156	1
2810	18898	1
2810	4794	2
2810	4879	1
2810	4678	2
2810	486	1
2810	4804	1
2810	4717	1
2810	4318	1
2810	19378	1
2810	3229	1
2810	531	2
2810	11096	1
2810	490	2
2810	460	1
2810	4690	1
2810	515	2
2810	6116	3
2810	510	1
2810	2255	1
2810	12321	1
2810	5576	1
2810	3299	1
2810	3703	1
2810	533	1
2810	4165	1
2810	3018	1
2810	6248	1
2810	15249	1
2810	313	1
2810	14869	1
2810	335	1
2810	248	1
2810	10107	2
2810	43981	3
2810	4078	2
2810	112	1
2810	3888	1
2810	6296	1
39579	939	1
39579	10147	1
241	19379	1
39729	111011	2
728	8606	1
728	3888	1
3486	16936	1
3486	3003	1
753	135	2
753	2237	1
6425	3396	1
5604	457	1
5604	119	1
19404	1766	1
19404	267	4
19404	4794	2
19404	4678	1
19404	4804	1
19404	460	1
19404	5236	1
19404	10762	1
19404	116	2
19404	2241	1
19404	510	1
19404	4517	1
19404	4627	1
19404	5237	1
19404	5230	1
19404	3018	3
19404	6248	1
19404	15249	1
19404	148	1
19404	5845	1
19404	4078	1
19404	3383	1
1404	1080	2
898	10335	1
898	106785	1
401	4989	1
401	1766	1
401	573	3
401	18898	3
401	19585	1
401	4368	1
401	3155	1
401	4678	3
401	486	1
401	4804	1
401	4318	2
401	124	1
401	19378	1
401	1388	2
401	3574	3
401	490	4
401	4141	2
401	3667	1
401	5236	2
401	515	3
401	11097	2
401	116	3
401	138	2
401	98	3
401	209	2
401	510	1
401	3842	1
401	4627	2
401	5717	1
401	5576	2
401	494	3
401	5237	2
401	3817	3
401	436	3
401	3018	2
401	141	2
401	6248	2
401	5812	1
401	15249	1
401	313	2
401	135	3
401	384	1
401	312	1
401	4467	2
401	11206	1
401	5504	3
401	248	2
401	19537	1
401	5845	1
401	180	1
401	4398	1
401	10107	2
401	43981	2
401	3888	1
401	6296	1
401	197	3
842	3914	1
842	335	1
346	2890	2
976	783	1
976	2562	1
3295	2305	1
3295	457	1
3295	633	1
3295	10508	1
3295	2237	1
350	6156	1
350	10368	1
350	10812	1
350	3155	1
350	4678	1
350	2319	1
350	486	2
350	124	2
350	19378	2
350	3574	1
350	531	2
350	11096	4
350	490	3
350	4141	1
350	5236	3
350	4690	1
350	116	1
350	2241	2
350	510	5
350	4627	4
350	12321	1
350	5717	6
350	5576	1
350	4216	1
350	3682	3
350	436	4
350	29115	1
350	4165	1
350	3018	1
350	6248	3
350	313	3
350	135	3
350	237	1
350	148	2
350	312	1
350	4467	1
350	5504	3
350	19537	1
350	468	1
350	2141	1
350	8626	2
350	242	2
350	3888	1
350	6296	1
4893	135	2
18584	521	1
18584	4535	3
16936	105758	1
3252	3129	1
3252	4517	1
3252	312	1
105286	106155	1
1265	113789	1
786	10812	1
108899	180	1
19294	10386	1
19294	4819	1
39612	118351	1
39612	49920	1
2798	3463	1
2798	1146	1
2798	3229	2
2798	633	2
2798	6278	1
2798	116	1
2798	510	1
2798	114604	1
2798	533	1
2798	281	1
3340	1759	1
4302	3440	1
4302	5808	1
4302	633	1
4302	4390	1
4302	116	1
4302	119172	1
4302	510	1
4302	384	1
1479	44200	1
1725	3349	2
10731	1180	1
10731	1352	1
10731	515	1
10731	5717	1
10731	6296	1
3463	3440	1
3463	10368	1
3463	4368	1
3463	124	1
3463	5556	1
3463	6278	1
3463	510	2
3463	4819	1
3463	5230	2
3463	946	1
3463	29115	1
3463	29294	2
3463	119	1
3463	6296	1
130	4855	1
130	221	1
130	510	1
130	585	1
130	197	1
2366	12788	1
2366	175	1
2366	19378	2
2366	914	1
2366	12777	1
2366	522	1
469	267	1
469	573	1
14858	113789	1
869	116237	1
1256	4669	1
1256	222	1
1256	174	1
1351	3129	2
1351	3299	1
1351	49202	1
10764	1120	1
10764	5556	1
10764	10412	1
3328	2241	1
3328	141	1
3328	312	1
3328	4078	1
1146	3167	1
1146	2638	1
1146	2884	1
1146	18993	2
1146	2255	3
1146	10751	1
521	4989	1
521	1766	3
521	4678	1
521	175	1
521	19378	1
521	1388	3
521	3229	2
521	3574	1
521	531	3
521	490	1
521	4141	2
521	10683	5
521	460	1
521	4390	1
521	4690	3
521	10762	1
521	116	1
521	125152	1
521	6116	1
521	4627	1
521	5717	1
521	494	2
521	914	1
521	3703	1
521	436	1
521	533	1
521	3018	1
521	141	2
521	5812	1
521	313	2
521	135	3
521	148	2
521	5504	1
521	19537	1
521	5845	1
521	8626	1
521	10107	1
521	3888	1
521	6296	1
521	197	1
4989	4794	3
4989	4678	2
4989	4804	1
4989	4318	1
4989	4738	1
4989	124	1
4989	19378	1
4989	1388	2
4989	3229	2
4989	531	1
4989	11096	1
4989	490	2
4989	211	1
4989	4390	2
4989	272	1
4989	515	2
4989	116	2
4989	98	1
4989	4319	2
4989	494	1
4989	4819	2
4989	5237	2
4989	436	2
4989	3018	1
4989	313	1
4989	4485	1
4989	335	2
4989	135	1
4989	2890	1
4989	5504	1
4989	248	1
4989	112	1
4989	3383	2
4989	6296	2
1766	267	1
1766	6156	1
1766	4879	1
1766	4368	1
1766	4318	1
1766	124	1
1766	19378	1
1766	1388	2
1766	531	3
1766	11096	2
1766	211	1
1766	515	1
1766	116	1
1766	138	1
1766	4319	1
1766	2241	2
1766	6116	1
1766	510	2
1766	4627	2
1766	2255	1
1766	5576	1
1766	914	1
1766	3817	1
1766	436	1
1766	4165	1
1766	3018	1
1766	141	1
1766	6248	1
1766	313	1
1766	335	1
1766	148	1
1766	3769	1
1766	312	1
1766	4467	2
1766	5504	2
1766	248	1
1766	5267	1
1766	8626	3
1766	10107	2
1766	43981	2
1766	112	2
1766	3383	2
1766	6296	1
1766	197	2
446	4781	2
11019	18898	1
11019	6046	1
109236	111011	1
109236	39452	2
109236	110717	1
109236	105321	1
109236	49824	1
109236	43916	1
1274	4730	1
1274	1776	1
1274	124	1
1274	18190	1
1274	914	1
1274	4781	1
1274	123376	1
1274	905	1
1274	4559	2
1274	3379	1
267	18898	5
267	4794	1
267	10837	1
267	10812	4
267	4368	1
267	3631	1
267	6155	2
267	4804	2
267	4318	2
267	4738	1
267	1388	2
267	3574	3
267	531	2
267	490	6
267	4141	1
267	1120	2
267	5236	1
267	6278	1
267	4690	2
267	15505	1
267	10762	1
267	116	7
267	4319	1
267	2241	5
267	6116	1
267	4517	1
267	4627	2
267	5739	7
267	2255	1
267	5717	6
267	5576	1
267	3817	1
267	6139	2
267	436	4
267	533	1
267	4165	3
267	3018	1
267	4781	1
267	141	1
267	5812	4
267	3870	2
267	15249	2
267	313	2
267	14869	1
267	3769	2
267	312	2
267	4467	1
267	11206	3
267	5504	1
267	483	2
267	119	1
267	248	2
267	468	1
267	2141	2
267	5267	1
267	5845	2
267	8626	1
267	242	3
267	180	3
267	4398	1
267	6594	1
267	3426	1
267	10107	1
267	4078	3
267	3888	1
267	3383	2
267	6296	2
6156	4794	1
6156	4879	1
6156	4368	2
6156	3631	1
6156	19378	1
6156	460	1
6156	515	1
6156	138	1
6156	98	2
6156	2241	1
6156	510	1
6156	2255	1
6156	3703	1
6156	5237	1
6156	3817	1
6156	3018	1
6156	141	1
6156	5812	1
6156	312	1
6156	4467	1
6156	248	2
6156	5267	1
6156	8626	1
6156	10107	1
6156	4078	1
6156	3888	1
6156	6296	2
6156	197	1
956	2704	2
956	573	1
956	10837	1
956	10812	1
956	3574	1
956	3870	1
956	180	1
956	3426	1
3273	98	1
3273	226	1
3273	4627	1
3273	1759	1
3273	124112	1
4161	3229	1
2704	10837	1
2704	3574	2
2704	3870	1
2704	3426	1
2398	110523	1
2398	111026	2
2398	10940	30
2398	43916	1
534	3157	1
2355	1052	1
2355	3129	1
2355	3400	1
2355	3123	2
2355	15281	1
2355	18953	2
2355	865	1
18415	1474	1
573	1594	1
573	4794	1
573	4879	2
573	4804	1
573	179156	1
573	4318	1
573	5843	1
573	124	1
573	19378	1
573	11096	1
573	490	3
573	1773	2
573	5236	1
573	15505	2
573	98	1
573	6116	1
573	510	4
573	3842	1
573	4627	1
573	2255	1
573	494	1
573	3703	2
573	445	1
573	5237	1
573	3817	2
573	436	1
573	533	2
573	4165	1
573	3018	2
573	141	4
573	6248	2
573	3870	1
573	15249	1
573	135	1
573	384	3
573	312	5
573	4467	1
573	248	2
573	19537	2
573	5845	2
573	8626	2
573	180	1
573	3426	1
573	4078	1
573	11295	1
573	3383	1
573	6296	1
573	197	2
10467	5479	1
10467	4864	1
10467	3074	1
10467	633	1
10467	6278	1
10467	18190	1
10467	510	1
10467	4819	1
10467	3299	1
10467	6289	1
10467	81384	1
10467	119	1
4820	170	2
29557	5479	2
29557	5808	1
29557	125152	1
29557	5209	1
4930	4923	1
4956	39746	1
1940	15281	1
4466	4794	1
4466	124	1
4466	5556	1
4466	5169	1
4466	313	2
4466	2679	1
4466	29294	1
4466	5504	1
5479	3440	1
5479	4368	1
5479	4669	2
5479	10938	1
5479	124	1
5479	5808	1
5479	1019	1
5479	30157	2
5479	4936	1
5479	4467	2
5479	5504	1
5479	119	2
5479	5575	1
5479	99593	1
5479	4398	1
5479	39770	1
5479	5209	2
5479	197	1
39750	56332	1
39750	49938	2
4947	10938	1
4947	39452	1
4947	99593	2
111011	110523	1
1594	124	1
1594	15505	1
1594	4517	1
1594	1192	1
1594	4936	1
1594	135	1
1594	5504	1
1594	248	1
1594	5845	1
1594	3426	1
19955	10610	1
10393	4717	1
10393	3425	2
10393	91707	1
18898	10222	1
18898	10812	3
18898	3155	1
18898	3574	1
18898	490	1
18898	515	1
18898	6116	1
18898	3842	1
18898	5739	9
18898	5717	1
18898	4216	2
18898	3703	1
18898	6139	1
18898	436	1
18898	6150	3
18898	141	2
18898	6248	1
18898	15249	1
18898	14447	1
18898	3396	1
18898	2141	1
18898	112	1
18898	3383	1
668	4547	1
668	197	1
4489	460	1
4489	5237	1
4489	2613	1
4489	135	1
3087	6756	1
39561	39613	1
113659	4730	1
4496	6594	2
4794	10812	2
4794	6155	1
4794	4678	1
4794	4318	1
4794	3574	1
4794	211	1
4794	515	1
4794	116	1
4794	6116	1
4794	510	1
4794	4517	1
4794	4216	1
4794	4165	2
4794	3018	3
4794	6248	1
4794	15249	2
4794	248	1
4794	5845	1
4794	10107	1
4794	3383	1
4794	6296	1
19401	3353	1
109821	4634	1
2363	49202	1
3012	584	2
3012	19769	1
4730	4669	1
4730	4738	3
4730	3228	2
4730	2685	1
4730	11957	2
4730	237	2
4730	6594	1
4749	11074	1
4749	3425	1
4749	2255	1
2357	121693	1
2357	332	1
2357	3265	1
2357	312	1
10837	2319	1
10837	323	1
10837	3667	1
10837	98	1
10837	5739	1
10837	5717	3
10837	5230	1
10837	3817	1
10837	131	1
10837	242	1
10837	180	1
10837	112	1
4879	4368	1
4879	4678	1
4879	4804	1
4879	4318	1
4879	4738	1
4879	49415	1
4879	19378	1
4879	531	1
4879	490	1
4879	4141	1
4879	211	1
4879	460	1
4879	3129	1
4879	3446	1
4879	116	2
4879	4319	1
4879	6116	1
4879	4627	3
4879	2255	1
4879	3703	2
4879	5237	3
4879	3817	2
4879	436	1
4879	533	1
4879	3018	1
4879	141	3
4879	6248	2
4879	135	2
4879	312	1
4879	5504	1
4879	19537	1
4879	5267	1
4879	5845	1
4879	8626	1
4879	4078	1
4879	112	1
4879	3383	2
4879	6296	2
4879	197	4
19585	3574	1
19585	490	1
19585	3842	1
19031	6311	1
10410	10368	1
10410	4753	1
10410	3999	1
10410	120553	1
10410	91707	1
10410	10751	1
3440	3631	1
3440	158	1
3440	4815	1
3440	3129	1
3440	4319	1
3440	836	1
3440	4781	1
3440	4594	1
3440	312	1
3440	119	1
3440	468	1
116441	100174	1
10368	4753	1
10368	1346	1
10368	209	1
10368	128668	1
10368	335	1
10368	242	2
10812	4368	1
10812	6155	1
10812	3155	1
10812	4678	1
10812	4804	1
10812	490	1
10812	4141	1
10812	1773	1
10812	3129	1
10812	3667	2
10812	4390	1
10812	49304	1
10812	515	1
10812	2241	2
10812	3842	2
10812	19544	1
10812	5717	1
10812	4792	1
10812	4216	3
10812	3703	1
10812	5230	1
10812	2613	1
10812	3018	2
10812	141	1
10812	6248	1
10812	135	1
10812	148	1
10812	3769	1
10812	5504	2
10812	234	1
10812	468	2
10812	413	1
10812	4398	1
10812	3383	1
10812	4634	1
10812	197	1
4806	4864	1
4368	124	1
4368	1388	1
4368	3074	1
4368	4815	1
4368	4141	1
4368	1120	1
4368	515	2
4368	116	3
4368	138	1
4368	98	1
4368	2241	1
4368	6116	1
4368	510	3
4368	6182	1
4368	4165	1
4368	3018	1
4368	5812	1
4368	313	2
4368	335	1
4368	135	1
4368	5504	1
4368	413	1
4368	8626	2
4368	3888	1
4368	197	1
177	4855	1
3631	323	2
3631	3935	2
3631	3682	1
3631	946	1
3631	533	2
3631	3018	1
3631	24266	1
3631	6248	1
3631	237	1
3631	3379	1
3631	4634	1
6155	14446	1
6155	323	1
6155	515	1
6155	5739	1
6155	3817	1
6155	15249	2
6155	312	1
6155	2141	1
6155	242	1
6155	174	1
4929	323	1
4929	515	1
4929	18953	1
2305	6594	1
2360	104813	2
2360	10904	1
2360	19392	1
2360	110717	1
2360	10107	1
2360	16464	1
3003	3425	1
109617	109625	1
109617	103751	1
18403	2428	1
1052	3400	1
1052	3123	1
1052	15281	2
1052	18953	2
4753	3425	3
4753	1352	1
4753	1353	1
3155	490	1
3155	515	1
3155	138	1
3155	19544	4
3155	5739	1
3155	5717	2
3155	5230	1
3155	2727	1
3155	3914	1
3155	2141	1
3155	180	1
3155	112	2
39556	19385	2
39556	10928	1
39556	39622	1
39556	10940	1
3476	4678	1
3476	4141	1
3476	1192	1
3476	124112	1
2344	5808	1
2344	5237	1
2344	116237	1
2344	104080	3
4535	10708	6
4678	486	2
4678	1414	1
4678	124	1
4678	19378	2
4678	1388	2
4678	3229	2
4678	531	2
4678	11096	1
4678	490	2
4678	4141	1
4678	460	1
4678	116	3
4678	138	1
4678	98	1
4678	2241	1
4678	510	3
4678	6046	2
4678	12321	1
4678	5576	1
4678	3703	1
4678	1192	2
4678	3817	1
4678	436	1
4678	533	2
4678	4165	3
4678	3018	1
4678	5812	1
4678	148	2
4678	3769	1
4678	312	1
4678	248	2
4678	19537	2
4678	468	1
4678	10962	1
4678	5267	1
4678	5845	2
4678	8626	1
4678	10107	3
4678	3888	1
4678	124112	1
4678	3383	2
4678	6296	1
4678	197	1
2319	3574	1
2319	116	1
2319	2241	1
2319	15249	1
4669	4390	1
4669	494	1
4669	3106	1
4669	4398	1
486	457	1
486	4864	5
486	3229	1
486	531	1
486	490	1
486	211	1
486	5808	2
486	633	3
486	6278	5
486	515	2
486	116	4
486	138	1
486	494	1
486	914	1
486	3018	1
486	4781	1
486	141	1
486	5812	3
486	135	2
486	148	1
486	81384	4
486	119	3
486	413	2
486	3383	1
158	221	1
158	4517	1
4797	4781	1
4797	5267	1
12788	3342	1
12788	9651	1
3165	4501	1
4804	1388	1
4804	3574	1
4804	490	1
4804	460	1
4804	15505	2
4804	10762	1
4804	3118	1
4804	4319	1
4804	2241	1
4804	4627	3
4804	5237	2
4804	3817	1
4804	3018	1
4804	141	1
4804	6248	2
4804	15249	1
4804	3769	1
4804	312	1
4804	248	1
4804	5845	3
4804	10107	1
4804	4078	1
4804	6296	2
4804	197	2
1400	175	1
1400	939	1
1400	19385	1
1400	104813	2
1400	105321	1
1400	49177	1
4923	125365	2
4717	3439	1
4717	4761	1
3167	2638	1
3167	2255	1
2638	11096	1
2638	5556	1
2638	3667	1
2638	946	2
2638	4398	1
2638	179374	1
109706	12942	1
1776	3383	1
175	39584	1
175	107874	1
175	39746	2
175	49828	2
175	49824	1
175	43916	2
175	39233	1
18352	4435	1
18352	914	1
18352	39669	1
179156	5739	1
179156	3870	1
109724	28778	1
104312	21008	1
584	19769	1
457	10582	1
457	100174	1
457	4864	1
457	5808	3
457	633	1
457	5556	2
457	6278	1
457	222	1
457	18190	2
457	914	1
457	14814	1
457	5812	1
457	135	2
457	4467	1
457	5504	1
457	39604	1
457	81384	1
457	119	1
457	197	1
14446	226	1
108555	3129	1
108555	10386	1
108555	19285	1
10624	158371	1
10624	1019	1
10624	119	1
10624	10751	1
4318	1388	2
4318	3574	1
4318	531	1
4318	11096	2
4318	490	1
4318	515	2
4318	116	1
4318	6116	1
4318	510	2
4318	4517	1
4318	2255	1
4318	494	2
4318	533	1
4318	4165	1
4318	3018	1
4318	6248	1
4318	135	1
4318	19537	1
4318	5267	1
4318	5845	1
4318	8626	1
4318	4398	1
4318	3426	1
4318	10107	1
4318	3888	1
4318	3383	1
4318	6296	1
1346	4738	1
1346	4855	1
1346	5808	1
1346	4319	3
1346	10412	1
1346	30157	1
1346	1358	1
1346	197	1
1430	19379	1
323	1773	1
323	3667	1
323	5236	1
323	98	1
323	3842	1
323	3817	1
323	533	2
323	4165	1
323	11206	1
323	2141	1
323	11295	1
111	12876	1
111	11556	1
111	4398	1
11074	209	1
11074	124727	1
10938	10928	1
10938	107874	1
10938	39746	1
10938	19392	1
10938	105321	1
10938	19298	1
10938	3018	1
10938	119	1
10938	4398	1
10938	107428	2
4902	865	1
39727	119431	1
170	10730	1
170	3400	3
170	5234	1
170	2751	3
170	123168	1
170	18953	1
170	127732	1
19048	19769	1
48879	5808	1
48879	2237	1
3999	3129	1
3999	5739	1
113789	16731	1
113789	4398	1
947	312	1
947	3888	1
100174	3425	1
100174	3006	1
100174	4781	1
100174	10751	1
49980	1513	1
3439	4781	1
3439	4594	1
3439	312	1
3439	3499	1
107180	10610	1
107180	1474	1
107180	19914	1
3935	3074	1
3935	4761	1
3935	2241	1
3935	6046	1
102100	10872	1
105758	112819	1
105758	99811	4
105758	103924	1
105758	10962	2
105758	10107	1
10911	39746	1
10911	18638	1
39619	138741	1
4738	4319	1
4738	237	1
4738	4467	1
4738	3396	1
49415	49410	1
4864	5808	2
4864	633	4
4864	6278	5
4864	515	1
4864	116	4
4864	18190	1
4864	4936	1
4864	118923	1
4864	5812	3
4864	81384	4
4864	119	3
4864	5575	1
4864	413	1
4864	48219	1
4864	908	2
4864	3888	1
939	10928	1
939	10872	1
939	39622	1
19769	19835	1
124	1388	1
124	3229	1
124	531	2
124	4141	1
124	5556	1
124	6278	1
124	221	2
124	15505	1
124	116	1
124	138	1
124	2241	1
124	18190	2
124	510	1
124	4517	2
124	2255	2
124	5576	1
124	494	1
124	10412	1
124	30157	1
124	1192	1
124	15281	1
124	3817	2
124	533	1
124	2613	1
124	4478	4
124	101	1
124	4165	1
124	4781	1
124	141	1
124	313	3
124	4485	1
124	335	1
124	135	1
124	148	1
124	312	1
124	5504	1
124	19537	1
124	5845	2
124	8626	1
124	10107	1
124	3888	2
19378	1388	3
19378	3574	1
19378	531	3
19378	3342	1
19378	11096	1
19378	490	2
19378	4141	2
19378	211	1
19378	4690	1
19378	116	4
19378	4319	1
19378	510	4
19378	4627	3
19378	2255	1
19378	5576	1
19378	3703	1
19378	5237	1
19378	1192	1
19378	3817	3
19378	4165	4
19378	3018	2
19378	141	2
19378	6248	1
19378	15249	1
19378	135	2
19378	148	2
19378	312	1
19378	5504	1
19378	248	2
19378	10962	1
19378	5845	1
19378	8626	2
19378	4078	4
19378	3888	1
19378	3383	1
19378	6296	2
19378	197	3
1388	3574	1
1388	531	1
1388	2964	1
1388	11096	1
1388	490	1
1388	4141	1
1388	211	3
1388	460	1
1388	4390	1
1388	515	2
1388	116	5
1388	4319	1
1388	2241	1
1388	510	2
1388	4517	1
1388	4627	1
1388	5576	1
1388	494	2
1388	3817	2
1388	4165	1
1388	24732	1
1388	3018	1
1388	141	3
1388	135	1
1388	148	4
1388	312	1
1388	4467	1
1388	5504	1
1388	131	1
1388	248	1
1388	2141	1
1388	5845	2
1388	10107	3
1388	3888	1
1388	3383	3
1388	6296	2
19385	119172	2
19385	107874	1
19385	105321	1
19385	234	1
19385	105718	1
5189	1282	1
5189	14814	1
3229	3574	1
3229	531	1
3229	4390	1
3229	4319	2
3229	4517	1
3229	4627	1
3229	494	1
3229	15067	1
3229	4936	1
3229	3018	1
3229	4781	4
3229	141	1
3229	335	1
3229	5504	1
3229	2141	1
3229	10107	1
3229	43981	1
3229	4078	1
3229	3888	1
3229	3383	1
3229	4634	1
3574	531	1
3574	2964	1
3574	11096	3
3574	490	5
3574	4141	2
3574	185	1
3574	5236	1
3574	4690	1
3574	515	5
3574	138	2
3574	98	1
3574	2241	4
3574	6116	1
3574	4627	1
3574	5576	1
3574	4792	1
3574	408	3
3574	4216	1
3574	4819	1
3574	5237	2
3574	4936	1
3574	5230	4
3574	3817	1
3574	4165	5
3574	3018	1
3574	3914	3
3574	141	9
3574	6248	2
3574	5812	1
3574	3870	1
3574	313	2
3574	266	1
3574	335	2
3574	135	2
3574	384	1
3574	3769	1
3574	312	2
3574	2141	1
3574	5845	1
3574	180	3
3574	522	1
3574	3426	2
3574	10107	2
3574	43981	1
3574	4078	2
3574	6296	2
531	490	2
531	211	1
531	11097	1
531	116	4
531	98	2
531	4319	1
531	2241	1
531	510	1
531	4627	2
531	5576	2
531	494	1
531	436	1
531	4165	2
531	3018	3
531	1759	1
531	6248	1
531	5812	1
531	313	2
531	335	1
531	135	3
531	2800	1
531	5504	1
531	5845	3
531	8626	1
531	4078	1
531	112	1
531	3383	1
531	6296	1
531	197	1
2964	3129	1
4632	3359	1
4632	3396	1
1356	38706	1
18993	2255	1
18993	3499	1
18993	5257	1
11096	490	3
11096	185	1
11096	4690	1
11096	10367	1
11096	515	2
11096	11097	1
11096	116	1
11096	2241	1
11096	510	1
11096	2255	2
11096	5576	2
11096	914	1
11096	4216	1
11096	3703	2
11096	1192	2
11096	5230	1
11096	3817	2
11096	4165	2
11096	6248	1
11096	15249	1
11096	266	4
11096	335	1
11096	131	1
11096	248	1
11096	468	1
11096	3426	2
11096	4078	1
11096	3888	1
11096	3383	1
11096	6296	1
112819	152406	1
112819	19161	1
112819	99811	1
112819	102646	2
112819	10107	1
490	211	1
490	460	1
490	4390	1
490	4690	1
490	11097	1
490	4319	1
490	2241	1
490	4627	5
490	5739	1
490	2255	1
490	5717	1
490	5576	1
490	494	2
490	408	1
490	4216	2
490	4936	1
490	5230	3
490	6139	1
490	533	1
490	4165	3
490	141	5
490	6248	5
490	5812	4
490	15249	3
490	313	2
490	335	1
490	135	2
490	5504	2
490	248	2
490	19537	2
490	2141	1
490	5845	2
490	8626	1
490	43981	2
490	112	1
490	3888	1
490	3383	1
490	6296	2
490	197	4
4855	5209	1
3074	15505	1
3010	1245	1
39648	19755	1
19835	6453	1
19835	985	1
4815	141	1
4815	48219	1
12942	28366	1
1508	11556	1
34039	8626	1
139965	408	1
28448	4319	2
4141	4390	1
4141	4690	1
4141	515	1
4141	116	2
4141	138	3
4141	2241	3
4141	510	2
4141	4627	2
4141	914	1
4141	635	1
4141	5237	1
4141	3817	1
4141	141	1
4141	6248	3
4141	313	1
4141	335	1
4141	148	1
4141	4078	1
4141	6296	1
211	515	2
211	116	1
211	19544	1
211	2255	1
211	4936	2
211	3817	1
211	436	1
211	3018	3
211	141	2
211	5812	1
211	313	1
211	135	3
211	148	2
211	312	2
211	131	1
211	5845	2
211	8626	2
211	3383	1
35	19459	1
35	3359	1
35	5267	1
18412	118955	1
39613	39746	1
39613	19392	1
39613	105321	1
39613	10872	1
39613	49828	1
39613	49177	2
39613	105718	1
39613	10107	1
39613	39233	1
5808	633	2
5808	4390	1
5808	6278	1
5808	19755	2
5808	515	1
5808	116	1
5808	18190	1
5808	9651	1
5808	1282	1
5808	5812	1
5808	4485	1
5808	135	1
5808	234	1
5808	585	1
5808	81384	3
5808	119	2
5808	4398	1
1120	515	1
1120	119172	1
1120	494	1
1120	909	1
1120	445	1
1120	6182	1
1120	15281	1
1120	4467	1
1120	119	1
1120	197	2
633	6278	3
633	515	1
633	119172	1
633	18190	3
633	9651	1
633	4936	1
633	5230	1
633	335	1
633	648	1
633	81384	4
633	119	3
633	197	2
1773	116	1
1773	98	2
1773	2255	1
1773	5576	1
1773	3703	2
1773	3817	1
1773	4165	2
1773	4620	1
1773	141	1
1773	335	1
1773	135	1
1773	384	1
1773	10107	1
1773	6296	1
5556	141	1
5556	10335	1
5556	413	1
460	4390	1
460	6278	1
460	221	1
460	10762	1
460	2241	2
460	4627	1
460	914	1
460	3703	2
460	5237	3
460	128668	1
460	3018	1
460	6248	1
460	5812	1
460	15249	1
460	313	3
460	384	2
460	148	1
460	312	1
460	5845	1
460	4398	1
460	10107	1
460	43981	1
460	4078	1
460	3383	1
3129	4819	1
3129	312	2
3667	98	1
3667	3299	1
3667	19296	1
3667	3870	1
3667	384	1
3667	131	1
3667	483	1
3667	468	1
3667	112	1
783	2562	1
5236	11097	1
5236	4165	1
5236	3018	2
5236	3914	1
5236	141	1
5236	3870	1
5236	15249	1
5236	11206	2
5236	483	2
5236	2141	2
5236	3383	1
4390	116	1
4390	4319	1
4390	2241	2
4390	510	2
4390	4627	1
4390	5237	1
4390	3817	1
4390	533	1
4390	3018	1
4390	141	1
4390	6248	2
4390	5812	1
4390	384	1
4390	148	1
4390	312	1
4390	5504	1
4390	483	1
4390	119	1
4390	19537	1
4390	4398	1
4390	6296	1
4390	197	1
6278	221	1
6278	116	4
6278	119172	1
6278	510	1
6278	5717	1
6278	30157	3
6278	101	1
6278	39034	1
6278	5812	1
6278	3870	1
6278	319	1
6278	4467	1
6278	5504	2
6278	81384	3
6278	119	3
6278	413	3
6278	4398	1
6278	3426	1
6278	176	1
6278	281	1
6278	197	1
3353	4517	1
3353	4819	1
39584	107874	1
39584	39746	5
10928	39452	2
10928	39746	1
10928	105321	1
10928	43916	1
10928	103751	1
4690	11097	1
4690	4319	1
4690	510	1
4690	4627	2
4690	2255	1
4690	5576	1
4690	914	1
4690	104426	1
4690	2583	1
4690	5237	1
4690	4936	1
4690	3817	2
4690	533	5
4690	4165	1
4690	4781	7
4690	141	2
4690	6248	2
4690	15249	1
4690	148	2
4690	5504	2
4690	248	2
4690	10962	1
4690	4078	1
4690	3888	2
4690	6296	3
4690	197	1
3425	510	1
3425	3383	2
513	3475	1
513	5845	2
513	281	1
3400	3123	3
3400	15281	1
3400	3006	1
3400	18953	2
3400	865	1
19459	5230	1
2049	515	1
2049	38150	1
49865	19464	2
2685	15067	1
2685	635	1
103033	109780	1
109773	136025	1
39005	11206	1
221	494	2
221	4781	1
221	5504	1
221	197	2
4799	533	1
4799	3870	1
1468	113232	1
1468	43916	1
15505	3703	1
15505	2583	1
15505	1192	1
15505	15249	1
15505	312	1
15505	5504	2
15505	248	1
15505	19537	1
15505	5845	1
15505	3383	1
15505	197	1
49370	1192	2
19755	137396	1
19755	2613	1
19541	4559	1
106155	49828	1
152406	99811	2
152406	10107	2
39452	1100	1
39452	19392	1
39452	49824	1
39452	99593	1
39452	107428	1
109108	19860	1
515	4319	1
515	2241	2
515	18190	1
515	510	2
515	4517	1
515	2255	2
515	12321	1
515	5717	4
515	5576	1
515	4792	3
515	3703	1
515	5237	1
515	5230	6
515	3682	1
515	2714	1
515	29115	1
515	4165	2
515	141	3
515	1759	1
515	6248	3
515	5812	2
515	503	1
515	15249	1
515	313	2
515	4485	3
515	135	1
515	14447	1
515	148	3
515	312	2
515	11206	2
515	5504	1
515	119	1
515	248	1
515	468	2
515	2141	2
515	413	2
515	48219	1
515	8626	2
515	242	1
515	6594	2
515	10107	2
515	43981	1
515	112	1
515	3888	1
515	11295	1
515	3383	2
515	6296	1
110523	107874	1
332	125152	1
406	343	1
10762	138	1
10762	98	1
10762	2241	1
10762	4627	1
10762	5237	1
10762	3018	1
10762	6248	1
10762	5812	1
10762	15249	1
10762	335	1
10762	3769	1
10762	5845	1
10762	4078	1
11097	2241	1
11097	4517	1
11097	5576	2
11097	914	1
11097	4165	2
11097	141	1
11097	15249	1
11097	266	1
11097	135	1
11097	4467	1
11097	248	1
11097	180	1
11097	4078	1
11097	3383	1
11097	6296	1
116	98	1
116	4319	1
116	2241	3
116	18190	2
116	510	5
116	4517	1
116	5717	1
116	494	1
116	914	2
116	4216	1
116	5237	1
116	1192	1
116	4936	1
116	533	1
116	4165	3
116	3018	2
116	6248	2
116	3870	1
116	15249	1
116	335	3
116	4467	1
116	5504	1
116	483	2
116	81384	2
116	119	1
116	248	1
116	2141	1
116	10962	1
116	413	2
116	5845	3
116	8626	4
116	112	2
116	3383	1
116	6296	1
116	197	3
14730	113232	1
138	2241	3
138	5717	4
138	494	1
138	3703	1
138	29115	1
138	3018	1
138	6248	4
138	5812	2
138	15249	1
138	313	1
138	237	1
138	5504	1
138	468	1
138	2141	1
138	242	1
138	4398	1
138	112	1
138	3888	3
56332	10610	3
56332	16731	1
56332	1474	1
56332	4770	1
3118	8606	1
98	226	2
98	510	1
98	4627	1
98	5739	1
98	5717	1
98	15067	1
98	5230	1
98	436	2
98	29115	1
98	4165	1
98	6248	1
98	5812	2
98	266	2
98	312	1
98	468	1
98	2141	1
98	5267	1
98	8626	1
98	242	3
98	4078	7
98	3888	1
98	11295	1
1100	110717	1
4319	510	1
4319	4517	2
4319	4627	1
4319	5576	1
4319	494	1
4319	5237	3
4319	4936	1
4319	3817	2
4319	141	1
4319	6248	1
4319	313	1
4319	4485	1
4319	135	2
4319	248	1
4319	19537	1
4319	2141	1
4319	5845	4
4319	4398	1
4319	10107	2
4319	4078	1
4319	3383	1
4319	6296	1
4319	197	1
2241	510	1
2241	3842	1
2241	19544	1
2241	4627	2
2241	5739	2
2241	2255	2
2241	18517	1
2241	5576	1
2241	3703	1
2241	5237	2
2241	3817	3
2241	533	2
2241	4165	3
2241	3018	1
2241	141	3
2241	6248	2
2241	5812	2
2241	3870	1
2241	15249	1
2241	313	2
2241	335	3
2241	135	1
2241	3769	2
2241	312	1
2241	4467	1
2241	5504	1
2241	131	2
2241	3499	2
2241	248	2
2241	19537	1
2241	10962	1
2241	5845	1
2241	8626	1
2241	242	1
2241	3426	1
2241	10107	1
2241	4078	1
2241	112	2
2241	3888	3
2241	3383	2
222	494	1
222	124727	1
119172	408	1
119172	384	1
119172	234	1
48473	48758	1
209	6248	1
209	312	1
209	11206	1
209	2141	1
3105	4781	1
3105	3914	1
6756	648	1
18190	494	1
18190	137396	1
18190	4165	1
18190	5812	1
18190	135	1
18190	234	1
18190	81384	1
18190	248	1
18190	413	1
18190	281	1
226	4627	1
226	124112	1
10610	16731	1
10610	49938	1
10610	106562	1
6116	4627	1
6116	5739	2
6116	635	1
6116	436	1
6116	533	1
6116	4165	2
6116	3018	1
6116	141	1
6116	6248	2
6116	135	2
6116	5267	1
6116	5845	2
6116	10107	1
6116	174	1
6116	6296	2
49973	103817	1
510	4517	1
510	4627	1
510	2255	1
510	5576	1
510	494	1
510	914	2
510	4819	1
510	3703	1
510	5237	1
510	1192	1
510	3817	1
510	436	1
510	533	1
510	29115	1
510	4165	1
510	39034	1
510	3018	5
510	141	4
510	5812	3
510	313	1
510	4485	1
510	335	3
510	135	4
510	384	1
510	148	2
510	3769	1
510	312	5
510	4467	1
510	5504	2
510	131	1
510	585	2
510	248	2
510	10962	1
510	5845	2
510	8626	1
510	6594	1
510	10107	2
510	4078	1
510	4559	1
510	3383	1
510	6296	4
510	197	2
1019	648	1
4517	3703	1
4517	114604	1
4517	4936	1
4517	946	1
4517	3018	3
4517	141	1
4517	135	1
4517	312	1
4517	4467	1
4517	5504	2
4517	248	1
4517	10962	1
4517	5845	2
4517	4398	1
4517	4896	3
4517	6296	2
3842	4216	1
3842	3703	1
3842	3870	1
3842	3769	1
3842	312	1
3842	19537	1
3842	180	1
19544	5717	2
19544	494	1
19544	914	1
19544	4936	1
19544	3870	1
19544	5267	1
4627	6046	1
4627	12321	1
4627	5576	1
4627	494	1
4627	914	3
4627	3703	1
4627	5237	3
4627	1192	1
4627	3817	4
4627	436	2
4627	533	1
4627	6150	1
4627	4165	2
4627	3018	1
4627	141	6
4627	6248	4
4627	5812	4
4627	3870	1
4627	15249	1
4627	313	1
4627	135	2
4627	148	1
4627	131	1
4627	3499	1
4627	5267	1
4627	5845	2
4627	8626	1
4627	4078	1
4627	3888	1
4627	124112	1
4627	6296	1
4627	197	2
5896	4478	1
6046	12321	1
6046	381	1
6046	124112	1
111026	10940	3
107874	10940	1
5739	5717	2
5739	3703	10
5739	3682	2
5739	141	1
5739	6248	2
5739	3870	1
5739	266	2
5739	3769	1
5739	312	3
5739	11206	13
5739	2141	2
5739	242	1
5739	180	1
5739	112	1
5739	11295	1
2255	5576	3
2255	494	1
2255	3703	1
2255	3106	1
2255	3817	3
2255	946	2
2255	533	1
2255	4165	3
2255	141	1
2255	6248	1
2255	5812	1
2255	15249	1
2255	4485	1
2255	335	1
2255	135	2
2255	384	1
2255	4467	1
2255	5845	1
2255	10751	1
2255	3426	1
2255	10107	2
2255	43981	1
2255	3383	1
2255	6296	3
18517	5230	1
12321	11070	1
12321	1192	1
39355	117729	1
2947	533	1
5717	4792	1
5717	494	1
5717	4216	1
5717	3703	3
5717	3817	1
5717	6139	1
5717	3265	1
5717	6150	1
5717	3870	2
5717	266	1
5717	335	4
5717	3769	1
5717	312	2
5717	11206	1
5717	2141	1
5717	242	2
5717	180	1
5717	3426	1
5717	3888	1
5717	6296	1
5576	494	1
5576	914	1
5576	3703	1
5576	4936	1
5576	3817	2
5576	4165	4
5576	141	2
5576	6248	1
5576	15249	1
5576	135	1
5576	384	1
5576	5504	2
5576	248	2
5576	19537	2
5576	5267	1
5576	5845	1
5576	8626	1
5576	10107	2
5576	4078	1
5576	112	1
5576	3383	1
5576	6296	2
11070	6289	1
11070	124112	1
4792	494	1
4792	3703	1
4792	141	1
4792	3769	1
494	914	2
494	5237	2
494	3817	1
494	4478	1
494	4165	1
494	4781	1
494	141	2
494	4485	1
494	335	3
494	135	2
494	148	1
494	312	1
494	4467	1
494	5504	5
494	413	1
494	3383	1
494	197	3
25059	49824	1
25059	18638	1
25059	99593	1
103488	103730	2
103488	102646	1
103488	10962	2
914	3703	1
914	5237	1
914	5230	1
914	3817	2
914	436	1
914	533	1
914	29115	1
914	3018	1
914	12777	1
914	148	3
914	5504	1
914	3396	1
914	248	1
914	10962	1
914	5267	1
914	7449	1
914	6296	4
408	3123	1
408	5230	1
408	19379	1
408	148	1
408	312	1
408	281	1
408	11295	1
15067	141	1
15067	3870	1
15067	3499	1
15067	468	1
15067	242	2
15067	4634	1
4216	3817	1
4216	436	1
4216	533	1
4216	6150	1
4216	3018	2
4216	3914	1
4216	141	1
4216	6248	1
4216	3870	1
4216	266	1
4216	312	3
4216	11206	2
4216	180	1
4216	11295	1
103730	138741	1
4819	313	1
4819	148	1
4819	4398	1
3299	3006	1
3299	3914	1
3299	3396	1
3299	197	1
1282	118923	1
1282	1474	1
1282	135	1
1282	6296	1
1282	2822	1
104813	49824	1
104813	18462	1
104813	10107	1
909	533	1
909	4781	1
909	3396	1
3703	5237	1
3703	5230	6
3703	436	1
3703	533	1
3703	4165	1
3703	141	3
3703	6248	3
3703	3870	2
3703	266	2
3703	135	1
3703	312	2
3703	11206	4
3703	248	2
3703	19537	1
3703	2141	1
3703	102646	1
3703	8626	1
3703	180	2
3703	4078	1
3703	112	2
3703	3383	1
3703	6296	2
3703	197	1
6289	908	2
3448	104080	1
635	6139	1
445	2613	1
10147	39746	1
10147	39605	1
10904	19392	2
10904	105718	1
10412	2613	1
10412	4398	1
39746	19392	2
39746	105321	1
39746	10872	3
39746	102646	1
39746	43916	2
103755	99593	1
19392	39605	1
19392	39622	1
19392	113232	1
19392	49824	1
19392	18638	1
104426	4634	1
39605	10940	1
39605	138741	1
5237	4936	1
5237	3817	4
5237	3018	2
5237	141	3
5237	6248	2
5237	15249	1
5237	313	1
5237	4485	1
5237	135	2
5237	148	3
5237	312	1
5237	4467	1
5237	2890	1
5237	483	1
5237	248	1
5237	10962	1
5237	5845	3
5237	8626	1
5237	4398	1
5237	4078	2
5237	3383	1
5237	6296	4
5237	197	2
3123	3006	3
3123	3507	1
3123	865	2
30157	4467	1
30157	119	1
30157	5575	1
6182	4478	1
6182	29294	1
156673	10511	1
18748	2613	1
18748	29115	1
18748	106785	1
99811	108494	1
99811	10962	1
99811	10107	1
1192	4165	1
1192	313	1
1192	148	1
1192	312	1
1192	4467	1
1192	5504	1
1192	248	1
1192	10962	1
1192	5845	1
1192	44256	1
1192	3426	1
1192	3888	1
1192	6296	1
1192	197	1
3180	12777	1
110717	49177	2
110717	16464	1
4936	4165	1
4936	5812	1
4936	81384	1
4936	19537	1
4936	4078	1
5230	533	1
5230	141	4
5230	15249	1
5230	148	2
5230	3888	1
14814	4398	1
14814	5209	1
15281	3006	3
15281	3265	1
15281	18953	2
15281	3426	1
2751	123168	1
2751	5169	1
3682	3018	1
3682	3914	2
3682	6248	1
3682	15249	1
105847	180	1
3817	4165	3
3817	6248	1
3817	5812	1
3817	3870	2
3817	15249	1
3817	313	2
3817	135	1
3817	384	1
3817	148	2
3817	312	2
3817	248	4
3817	2141	1
3817	10962	1
3817	8626	2
3817	3426	1
3817	10107	2
3817	4078	1
3817	112	19
3817	3383	1
3817	6296	5
3817	197	2
629	38150	1
629	38346	3
3006	18953	1
3006	2765	1
3006	865	1
6139	4165	1
6139	5812	4
6139	3870	1
6139	242	1
6139	3426	1
6139	174	1
8703	4559	1
436	4165	2
436	141	2
436	6248	1
436	5812	1
436	15249	1
436	335	2
436	312	1
436	5504	1
436	43981	2
436	112	1
436	6296	3
436	197	4
520	4398	1
533	6150	1
533	4781	11
533	141	1
533	6248	1
533	135	2
533	148	1
533	4467	1
533	483	1
533	3499	1
533	5267	1
533	5845	1
533	6296	2
533	4634	1
2613	2890	1
2613	5504	1
2613	522	1
2613	197	1
3265	312	1
6150	14869	1
6150	2141	1
4478	176	1
4478	197	1
105321	105716	1
123168	865	1
2545	6220	1
2545	108690	1
2714	4781	1
108494	21008	1
108494	102646	1
108494	10107	1
105528	29105	1
29115	3870	1
29115	335	1
29115	468	1
29115	242	1
29115	2237	1
101	5504	1
4165	3018	1
4165	6248	2
4165	15249	1
4165	313	1
4165	335	1
4165	135	3
4165	384	1
4165	148	3
4165	4467	1
4165	3499	1
4165	248	2
4165	468	1
4165	10962	1
4165	5845	2
4165	8626	3
4165	10107	3
4165	3383	1
4165	6296	5
4165	197	3
24732	8626	2
128668	384	1
128668	148	1
10872	105716	1
3018	141	3
3018	6248	2
3018	5812	2
3018	15249	2
3018	335	1
3018	148	4
3018	3769	1
3018	312	2
3018	5504	2
3018	248	1
3018	5845	3
3018	8626	2
3018	4398	1
3018	908	1
3018	10107	1
3018	4078	2
3018	11295	1
3018	3383	1
3018	6296	3
3018	197	1
4781	313	1
4781	5267	2
4781	10751	1
4781	3888	1
4781	3379	1
4781	4634	1
4781	197	1
3914	15249	1
3914	4078	2
3914	11295	1
4620	3499	1
104080	5845	1
141	6248	2
141	5812	4
141	15249	2
141	135	4
141	3769	1
141	312	3
141	4467	2
141	3396	1
141	248	2
141	2141	1
141	10962	2
141	5267	1
141	5845	5
141	8626	2
141	242	1
141	180	2
141	3426	1
141	10107	2
141	4078	2
141	112	6
141	6296	4
141	197	4
2784	3499	1
113232	49920	1
113232	99593	1
6248	5812	3
6248	15249	2
6248	335	1
6248	135	2
6248	14447	1
6248	148	1
6248	3769	1
6248	312	1
6248	11206	1
6248	5504	2
6248	248	1
6248	2141	1
6248	5267	1
6248	5845	4
6248	10107	1
6248	43981	1
6248	4078	2
6248	3383	1
6248	6296	3
6248	197	2
10522	19537	1
5812	3870	1
5812	15249	1
5812	335	1
5812	135	2
5812	5504	1
5812	234	1
5812	483	2
5812	81384	2
5812	119	1
5812	5845	1
5812	8626	1
5812	242	1
5812	3383	1
5812	6296	1
5812	197	1
3870	148	1
3870	3769	3
3870	312	2
3870	131	1
3870	5267	1
319	312	1
319	1358	1
319	4559	1
15249	335	1
15249	3769	1
15249	312	2
15249	131	1
15249	483	1
15249	5845	1
15249	242	1
15249	180	1
15249	3426	1
15249	4078	1
15249	6296	1
49920	49828	1
313	335	2
313	135	2
313	148	1
313	4467	4
313	2141	1
313	10107	1
313	174	6
313	43981	1
313	3383	1
313	6296	1
313	197	1
105716	18638	1
14869	5267	1
4485	135	1
4485	4467	1
4485	19537	1
4485	5575	1
4485	48219	1
4485	4398	2
4485	43981	1
49828	18462	1
38150	38346	1
335	3769	1
335	312	1
335	5504	1
335	468	1
335	2141	3
335	8626	1
335	6594	1
335	10107	1
335	43981	1
335	112	1
335	3888	1
335	3383	1
335	197	3
381	11295	1
135	384	1
135	148	4
135	312	1
135	4467	2
135	5504	1
135	585	1
135	248	2
135	19537	1
135	5845	2
135	4398	1
135	10107	1
135	43981	1
135	281	1
135	112	1
135	4559	1
135	3383	1
135	6296	2
135	197	2
49824	99593	1
14447	11206	1
2661	124727	1
384	148	1
384	10107	1
384	174	4
384	6296	1
148	312	1
148	4467	2
148	248	1
148	10962	2
148	5267	1
148	5845	2
148	8626	1
148	174	1
148	4078	1
148	11295	1
148	6296	2
148	197	2
18462	43916	1
109625	39233	3
18953	865	1
3769	312	1
3769	4467	1
3769	11206	1
3769	131	1
3769	248	1
3769	5267	1
3769	5845	1
3769	44256	1
3769	6594	1
3769	4078	1
3769	112	1
3769	197	1
312	4467	4
312	131	2
312	248	2
312	468	1
312	10962	2
312	5267	1
312	5845	3
312	8626	1
312	242	2
312	180	1
312	4398	2
312	4078	2
312	3888	1
312	3383	2
312	6296	1
312	197	2
4467	5504	2
4467	483	1
4467	5267	1
4467	4398	1
4467	10107	1
4467	3888	1
975	2562	1
2890	19293	1
11206	4078	1
11206	3888	1
5504	248	2
5504	10962	1
5504	5845	1
5504	8626	1
5504	3888	1
5504	6296	1
5504	197	1
131	5845	1
131	242	1
131	197	1
585	413	1
925	38346	1
483	248	1
483	2141	1
81384	119	5
81384	413	1
248	10962	1
248	5267	1
248	5845	2
248	8626	2
248	3426	1
248	10107	1
248	43981	1
248	4078	1
248	6296	3
248	197	3
19537	5845	2
19537	8626	1
19537	10107	1
19537	43981	2
19537	3383	1
19537	6296	1
19537	197	2
468	242	1
468	4634	2
2141	242	1
2141	3426	1
2141	10107	1
2141	281	1
2141	4078	2
2141	3383	1
865	127732	1
865	242	1
865	1358	1
847	2562	4
99593	43916	1
10962	5845	1
10962	6296	1
10962	197	1
5267	5845	1
5267	8626	1
5267	4398	1
48219	2237	1
5845	10107	1
5845	4078	1
5845	112	1
5845	3888	2
5845	3383	2
5845	6296	2
5845	197	2
8626	10107	3
8626	4078	1
8626	3888	1
8626	3383	1
8626	6296	1
8626	197	2
242	3426	1
242	4078	1
180	6296	1
4398	3888	1
10751	908	1
10751	5257	2
10751	5209	1
10511	3379	1
107428	16464	1
104030	109928	1
3426	124112	1
10107	43981	1
10107	4078	1
10107	3383	3
10107	6296	2
1102	4559	1
43981	4078	1
43981	3383	2
43981	6296	1
281	4559	1
4078	3383	3
4078	6296	1
4078	197	1
112	6296	1
3888	6296	1
3888	4634	2
3383	6296	1
6296	197	3
