User 3574 and 141 meet 9 times.  C = 0.01
A.weight		B.weight		A.lati		A.longi		B.lati		B.longi
0.859285		0.793024		30.2701		-97.7504		30.2701		-97.7504
0.785310		0.797482		30.3757		-97.7655		30.3757		-97.7655
0.859285		0.793024		30.2701		-97.7504		30.2701		-97.7504
0.858295		0.789460		30.2636		-97.7396		30.2636		-97.7396
0.858885		0.790225		30.2653		-97.7385		30.2653		-97.7385
0.859129		0.791360		30.2667		-97.7498		30.2667		-97.7498
0.858998		0.789986		30.2642		-97.7408		30.2642		-97.7408
0.858295		0.789460		30.2636		-97.7396		30.2636		-97.7396
0.785153		0.728860		30.2016		-97.6671		30.2016		-97.6671
User pair 3574 and 141 has measure 1.62113





User 3574 and 141 meet 9 times.  C = 0.1
A.weight		B.weight		A.lati		A.longi		B.lati		B.longi
0.692247		0.447298		30.2701		-97.7504		30.2701		-97.7504
0.275937		0.472614		30.3757		-97.7655		30.3757		-97.7655
0.692247		0.447298		30.2701		-97.7504		30.2701		-97.7504
0.691200		0.433569		30.2636		-97.7396		30.2636		-97.7396
0.696924		0.436324		30.2653		-97.7385		30.2653		-97.7385
0.692053		0.440840		30.2667		-97.7498		30.2667		-97.7498
0.696833		0.436431		30.2642		-97.7408		30.2642		-97.7408
0.691200		0.433569		30.2636		-97.7396		30.2636		-97.7396
0.286400		0.205250		30.2016		-97.6671		30.2016		-97.6671
User pair 3574 and 141 has measure 5.72993



User 3574 and 141 meet 9 times.  C = 1
A.weight		B.weight		A.lati		A.longi		B.lati		B.longi
0.244662		0.106534		30.2701		-97.7504		30.2701		-97.7504
0.00184238		0.0696149		30.3757		-97.7655		30.3757		-97.7655
0.244662		0.106534		30.2701		-97.7504		30.2701		-97.7504
0.302124		0.117641		30.2636		-97.7396		30.2636		-97.7396
0.339525		0.115510		30.2653		-97.7385		30.2653		-97.7385
0.250402		0.103988		30.2667		-97.7498		30.2667		-97.7498
0.326150		0.123388		30.2642		-97.7408		30.2642		-97.7408
0.302124		0.117641		30.2636		-97.7396		30.2636		-97.7396
0.0214990		0.0340630		30.2016		-97.6671		30.2016		-97.6671
User pair 3574 and 141 has measure 17.4798



User 3574 and 141 meet 9 times.  C  = 5
A.weight		B.weight		A.lati		A.longi		B.lati		B.longi
0.0173818		0.0298018		30.2701		-97.7504		30.2701		-97.7504
0.000867443		0.0240222		30.3757		-97.7655		30.3757		-97.7655
0.0173818		0.0298018		30.2701		-97.7504		30.2701		-97.7504
0.0333960		0.0421183		30.2636		-97.7396		30.2636		-97.7396
0.0539931		0.0351314		30.2653		-97.7385		30.2653		-97.7385
0.0141200		0.0124034		30.2667		-97.7498		30.2667		-97.7498
0.0468759		0.0439270		30.2642		-97.7408		30.2642		-97.7408
0.0333960		0.0421183		30.2636		-97.7396		30.2636		-97.7396
0.0209002		0.0335749		30.2016		-97.6671		30.2016		-97.6671
User pair 3574 and 141 has measure 29.2749


User 3574 and 141 meet 9 times.  C = 10
A.weight		B.weight		A.lati		A.longi		B.lati		B.longi
0.00721632		0.0195550		30.2701		-97.7504		30.2701		-97.7504
0.000867303		0.0177037		30.3757		-97.7655		30.3757		-97.7655
0.00721632		0.0195550		30.2701		-97.7504		30.2701		-97.7504
0.00699632		0.0255904		30.2636		-97.7396		30.2636		-97.7396
0.00709921		0.0180925		30.2653		-97.7385		30.2653		-97.7385
0.00369561		0.00301724		30.2667		-97.7498		30.2667		-97.7498
0.0104350		0.0251322		30.2642		-97.7408		30.2642		-97.7408
0.00699632		0.0255904		30.2636		-97.7396		30.2636		-97.7396
0.0205140		0.0330908		30.2016		-97.6671		30.2016		-97.6671
User pair 3574 and 141 has measure 35.6022



User 3574 and 141 meet 9 times.  C = 100
A.weight		B.weight		A.lati		A.longi		B.lati		B.longi
0.00267344		0.00900738		30.2701		-97.7504		30.2701		-97.7504
0.000867303		0.00272165		30.3757		-97.7655		30.3757		-97.7655
0.00267344		0.00900738		30.2701		-97.7504		30.2701		-97.7504
0.00346922		0.0105461		30.2636		-97.7396		30.2636		-97.7396
0.000867303		0.00680985		30.2653		-97.7385		30.2653		-97.7385
0.00260192		0.00131406		30.2667		-97.7498		30.2667		-97.7498
0.000931240		0.00681295		30.2642		-97.7408		30.2642		-97.7408
0.00346922		0.0105461		30.2636		-97.7396		30.2636		-97.7396
0.0199488		0.0306880		30.2016		-97.6671		30.2016		-97.6671
User pair 3574 and 141 has measure 42.8425



