11000	3157	245	0
11000	176	2295	0
11000	177	2262	0
1100	2	8760	0
1100	12835	8150	0
1100	22	6759	0
11957	4559	6998	0
11957	1671	269	0
11957	11105	6687	0
11957	4771	5934	0
11957	521	1233	0
11957	10677	402	0
11957	4485	7731	0
1102	2255	768	0
1102	914	382	0
2	1100	8760	0
2	272	1372	0
2	2204	9391	0
2	2193	448	0
2	2198	433	0
2	552	9060	0
2	1359	3391	0
2	22	3495	0
2	1114	2701	0
2	1108	3855	0
2	1351	3762	0
2	573	1956	0
2	1346	1285	0
2	1404	3253	0
2	1406	3735	0
2	1403	8901	0
2	2237	279	0
2	515	2783	0
2	1120	656	0
2	1394	9232	0
2	533	2247	0
2	1627	12024	0
2	1148	3243	0
2	1146	561	1
2	531	913	0
2	53	523	0
2	2211	4881	0
2	783	2773	0
2	1618	1445	0
2	776	3206	0
2	1307	373	0
2	880	8663	0
2	341	3293	0
2	884	8915	0
2	887	10237	0
2	337	1868	0
2	350	2126	0
2	2252	3076	0
2	865	608	0
2	2255	3461	0
2	869	2484	0
2	1594	5313	0
2	2251	9375	0
2	1282	2209	0
2	1591	2766	0
2	335	2162	0
2	2241	2283	0
2	1827	3893	0
2	1544	2993	0
2	854	2129	0
2	381	2255	0
2	111	3397	0
2	1542	2148	0
2	382	8490	0
2	832	282	0
2	1080	3257	0
2	836	683	0
2	842	3793	0
2	1075	3797	0
2	687	4082	0
2	956	2218	0
2	408	3570	0
2	1492	9298	0
2	2305	345	0
2	1766	3357	0
2	1488	2989	0
2	401	2181	0
2	2319	2156	0
2	1773	2310	0
2	946	2517	0
2	395	3647	0
2	1479	4061	0
2	2049	8618	0
2	2050	9194	0
2	1776	3092	0
2	2320	284	0
2	1474	9048	0
2	939	8518	0
2	1786	3957	0
2	695	1322	0
2	2027	9066	0
2	1247	8466	0
2	2002	9262	0
2	1251	13270	0
2	2341	2154	0
2	446	844	0
2	2100	3501	0
2	2344	2667	0
2	918	8764	0
2	914	3107	0
2	1508	3279	0
2	2355	800	0
2	185	958	0
2	2357	3410	0
2	905	6068	0
2	1265	9209	0
2	2361	3824	0
2	2360	8638	0
2	661	7064	0
2	1516	1571	0
2	2363	616	0
2	1513	9067	0
2	898	310	0
2	2366	3408	0
2	1759	3032	0
2	205	4176	0
2	1153	3289	0
2	1426	10030	0
2	1430	13130	0
2	475	2138	0
2	1970	5291	0
2	2141	2261	0
2	1010	3688	0
2	469	540	0
2	222	2363	0
2	1414	2433	0
2	1174	1910	1
2	993	3369	0
2	2398	8749	0
2	1725	2015	0
2	209	2187	0
2	756	8709	0
2	211	2273	0
2	1940	2704	0
2	1671	9127	0
2	2413	392	0
2	1948	2152	0
2	1468	8762	0
2	1198	2157	0
2	728	1412	0
2	1203	1537	0
2	1440	2267	0
2	1201	3429	0
2	1923	3142	0
2	1922	2125	0
2	2428	8810	0
2	2159	9269	0
2	1695	2138	0
2	483	2428	0
2	241	3410	0
2204	12942	228	0
2204	2	9391	0
2204	1201	7023	0
2204	323	8616	0
2204	918	1503	0
2204	28366	179	0
2204	1351	6432	0
2204	39729	1442	0
2204	1394	344	0
2193	1307	321	0
2193	2	448	0
2193	414	1174	0
2193	475	2101	0
2193	854	2091	0
2193	446	802	0
2193	111	3305	0
2193	1542	2111	0
2193	520	2834	0
2193	1201	3359	0
2193	2363	552	0
2193	1725	1955	0
2193	11032	1842	0
2193	24266	2104	0
2193	241	3294	0
19541	43679	917	0
2198	2	433	0
1114	205	6666	0
1114	956	1377	0
1114	2	2701	0
1114	2821	297	0
1114	854	1160	0
1114	3123	550	0
1114	111	1607	0
1114	1010	1583	0
1114	401	1382	0
1114	469	2302	0
1114	395	1027	0
1114	1479	1382	0
1114	6892	648	0
1114	1174	2451	0
1114	1075	1112	0
22	956	2048	0
22	1100	6759	0
22	1307	3563	0
22	4947	6769	0
22	341	1357	0
22	2	3495	0
22	1010	1720	0
22	4958	5928	0
22	4956	6753	0
22	395	1045	0
22	4930	1520	0
22	4929	896	0
22	2798	1213	0
22	1174	2960	0
22	3206	2270	0
22	267	2223	0
22	3480	713	0
22	4936	2987	0
22	4994	1027	0
22	4753	1349	0
22	4916	898	0
22	576	1732	0
22	4913	880	0
22	4435	1255	0
22	854	1972	0
22	4914	3419	0
22	381	2008	0
22	918	6409	0
22	4985	732	0
22	111	1294	0
22	4989	3183	0
22	4771	711	0
22	4923	1400	0
22	1394	6723	0
22	4902	1165	0
22	1201	1144	0
22	4793	1009	0
22	531	2948	0
22	4860	3412	0
22	842	870	0
22	1075	839	0
22	661	5684	0
22	540	1094	0
22	247	3797	0
22	1695	1968	0
22	1618	3163	0
22	241	4141	0
4390	2255	3374	1
4390	4467	1812	0
4390	1108	4529	0
4390	4517	3528	0
4390	209	2136	0
1108	205	757	1
1108	3167	4424	0
1108	408	7159	0
1108	2	3855	0
1108	5556	4194	0
1108	3400	7277	1
1108	680	825	0
1108	5908	8375	0
1108	4478	3754	0
1108	1010	7303	0
1108	401	5758	0
1108	4956	10896	0
1108	4283	329	1
1108	221	4078	0
1108	865	4015	1
1108	2255	7132	2
1108	3813	7292	0
1108	4390	4529	0
1108	28399	5139	0
1108	5169	3961	0
1108	4517	7217	0
1108	3137	6172	0
1108	756	11444	0
1108	1827	431	1
1108	578	7652	0
1108	10730	5925	0
1108	174	1261	0
1108	854	5770	0
1108	8704	326	0
1108	4914	3946	0
1108	446	4323	0
1108	3123	6428	1
1108	111	7030	0
1108	4496	7365	0
1108	914	6763	0
1108	1256	3592	0
1108	1440	2901	0
1108	1201	7071	0
1108	4793	7844	0
1108	6756	5995	0
1108	1075	7482	0
1108	6220	4561	0
1108	486	5731	0
18446	106815	103	47
5479	1174	4245	0
3279	1430	6550	0
3273	381	209	0
3273	350	285	5
3273	6139	576	0
3273	401	274	0
3273	11032	786	0
4398	578	7199	0
4398	124	6376	1
4398	1346	6382	0
10971	39452	163	1
10971	10107	860	0
10971	175	585	1
10971	10904	1574	0
10971	2360	173	0
10971	49920	925	0
10971	10928	379	2
10971	379	316	0
35	2810	326	0
35	491	236	0
35	4994	1860	0
35	4632	491	3
4368	4855	713	0
19580	854	13355	0
19580	1174	12231	0
19580	381	13539	0
19580	242	13399	0
19580	39750	10309	0
19580	39729	9332	0
19580	1394	10321	0
2237	2	279	0
10962	10107	881	9
10962	175	1277	0
10962	10928	1138	0
19574	1174	2222	0
1120	2	656	0
138741	110523	292	0
1148	8703	216	1
1148	341	827	0
1148	2	3243	0
1148	1174	2696	0
1148	918	7015	0
1148	111	1651	0
3299	3105	647	13
1146	2	561	1
1146	3106	577	3
1146	1176	235	0
1146	4594	674	0
53	956	2432	0
53	1307	335	0
53	6195	260	0
53	2	523	0
53	6199	276	0
53	4883	2517	0
53	401	2406	0
53	130	640	0
53	6207	1065	0
53	395	3560	0
53	5604	262	1
53	322	2928	0
53	6182	265	0
53	1174	1993	0
53	4936	1109	0
53	756	8469	0
53	444	3609	0
53	854	2328	0
53	446	886	0
53	111	3308	0
53	382	8249	0
53	4771	3889	0
53	1201	3434	0
53	1075	3731	0
53	124	975	0
53	898	278	0
53	241	3286	0
18478	1010	233	0
2211	395	2682	0
2211	2	4881	0
2211	1010	1764	0
2211	382	5169	0
2211	552	5635	0
10940	175	607	0
19481	3486	253	1
10938	10107	3815	0
10938	175	3727	2
4466	4467	1128	0
4466	4879	1176	0
4466	4819	1036	0
4466	4478	147	1
48860	1274	1779	0
4467	3463	1288	1
4467	5556	1380	0
4467	4466	1128	0
4467	4390	1812	0
4467	4478	1122	0
4467	914	2772	1
4467	5576	1592	2
49624	1351	1149	9
4478	578	4065	0
4478	4466	147	1
4478	4467	1122	0
4478	1108	3754	0
3227	3165	786	15
3227	12876	874	0
10928	10107	1122	0
10928	10971	379	2
10928	10911	374	0
10928	39605	456	0
10928	39604	617	0
10928	10147	384	0
10928	175	884	0
10928	39584	695	1
10928	10904	1837	0
10928	25059	614	0
10928	10962	1138	0
10928	379	620	0
3228	2685	1098	9
3229	956	633	0
3229	578	1923	0
3229	11105	1297	0
3229	854	388	0
3229	2714	377	0
3229	1542	367	0
3229	1948	391	0
3229	4771	1916	0
3229	947	640	0
3229	533	504	5
3229	5267	534	50
3229	4690	430	7
3229	1174	2321	0
3229	4879	2745	0
3229	4730	1740	0
3229	1075	1736	0
3229	267	795	1
3229	244	2208	0
2252	2	3076	0
2255	205	7393	0
2255	956	1751	0
2255	2	3461	0
2255	1102	768	0
2255	5556	3313	0
2255	3157	1521	0
2255	1010	1072	0
2255	4956	7114	0
2255	4141	1668	0
2255	947	1655	0
2255	4589	6370	0
2255	865	3532	0
2255	221	3389	0
2255	1174	2888	0
2255	4390	3374	1
2255	1108	7132	2
2255	3074	1076	0
2255	4517	1387	2
2255	3888	1770	2
2255	209	1772	1
2255	19048	1203	0
2255	3349	1704	0
2255	3914	1749	0
2255	4161	1383	0
2255	854	1658	0
2255	4914	3348	0
2255	585	2173	0
2255	4770	6899	0
2255	914	982	2
2255	4771	934	0
2255	521	6064	2
2255	11556	840	0
2255	4501	387	1
2255	522	725	0
2255	3870	1750	0
2255	1203	3667	0
2255	116	1823	0
2255	1201	1181	0
2255	2357	4866	0
2255	4896	450	3
2255	28366	7176	0
2255	540	396	0
2255	486	1736	0
2255	4855	3227	0
1052	291	3558	0
1052	4879	1310	0
1052	1075	3730	0
1052	350	2078	0
1052	241	3365	0
2251	2	9375	0
3207	44200	101	0
3207	341	970	0
3207	1075	147	0
3206	22	2270	0
3206	241	4580	0
2241	956	362	0
2241	2	2283	0
2241	1201	1622	0
2241	854	452	0
2241	10837	206	4
2241	401	261	2
2241	5717	548	16
2241	483	510	1
19459	956	379	0
19459	267	531	0
10911	10107	852	0
10911	175	567	0
10911	25059	269	0
10911	10928	374	0
101	6199	1316	0
101	3703	2344	0
5406	1426	5163	0
5406	1356	2494	0
5406	1201	11004	0
5406	1430	1982	2
5406	38878	4523	1
5406	854	12102	0
5406	19174	5389	0
5406	4956	4688	0
98	533	533	1
98	551	489	0
98	138	541	8
98	491	489	0
98	515	1564	3
98	350	407	15
98	335	345	4
98	267	588	3
98	4893	1142	0
98	521	7019	2
98	135	1483	1
98	211	561	0
4435	19096	954	0
4435	1153	499	0
4435	1940	1507	0
4435	11105	1015	0
4435	4161	1166	0
4435	918	6779	0
4435	4985	985	0
4435	11349	3612	0
4435	469	3044	0
4435	4771	942	0
4435	1394	7127	0
4435	4663	322	0
4435	1080	326	0
4435	1201	1126	0
4435	1594	2214	0
4435	1174	2824	0
4435	5808	628	0
4435	22	1255	0
4435	4820	4028	0
4435	2909	351	0
4435	241	4387	0
10904	10107	2109	0
10904	10971	1574	0
10904	175	1982	0
10904	10928	1837	0
8704	205	457	0
8704	1440	2869	0
8704	680	567	0
8704	1108	326	0
8704	111	7290	0
8704	1827	124	3
8704	1256	3588	0
3252	854	2418	0
3252	741	932	11
19510	10412	784	0
111	6195	3447	0
111	551	2269	0
111	2	3397	0
111	272	3374	0
111	6199	3434	0
111	2193	3305	0
111	401	2394	0
111	130	3185	0
111	825	2340	0
111	6207	2877	0
111	552	6375	0
111	395	1124	0
111	22	1294	0
111	1114	1607	0
111	267	2502	0
111	1108	7030	0
111	8703	1564	0
111	786	1151	0
111	446	3123	0
111	313	3252	0
111	1256	4230	0
111	3180	1108	0
111	1148	1651	0
111	53	3308	0
111	1618	3136	0
111	898	3437	0
111	205	7252	0
111	1153	1518	0
111	1307	3419	0
111	341	1596	0
111	475	2246	0
111	4815	3490	0
111	1010	2002	0
111	469	3102	0
111	221	3290	0
111	2657	3301	0
111	3087	2832	0
111	335	2428	0
111	753	3421	0
111	211	2250	0
111	1827	7175	0
111	578	868	0
111	854	2247	0
111	8704	7290	0
111	381	2310	0
111	382	5880	0
111	226	2085	0
111	728	2366	0
111	1440	4709	0
111	1201	1343	0
111	491	2262	0
111	1075	1010	0
111	6220	2951	0
111	247	3736	0
111	124	3134	0
111	726	6056	0
111	241	4080	0
6594	119	3088	0
6594	578	3856	0
6594	4485	2180	1
119	222	2357	0
119	1019	2515	0
119	5556	2928	1
119	1174	2918	0
119	1010	1237	0
119	6594	3088	0
1080	1153	366	0
1080	8703	196	0
1080	341	829	0
1080	2	3257	0
1080	4435	326	0
1080	854	1195	0
1080	918	7005	0
116	5230	184	10
116	408	1715	1
116	578	2427	0
116	138	391	1
116	141	378	6
116	515	1395	7
116	585	2035	0
116	6139	511	7
116	3703	298	5
116	4501	1904	0
116	135	1296	7
116	3574	361	7
116	2255	1823	0
116	5812	346	50
116	490	235	8
116	5236	282	47
116	3817	229	4
116	633	1026	14
116	384	1567	0
116	148	217	10
116	209	195	1
116	180	210	10
18534	106940	102	0
106815	18446	103	47
1086	3817	1899	0
112	3870	343	3
112	854	305	0
112	483	346	0
112	211	319	0
1075	956	2067	0
1075	408	1423	0
1075	2	3797	0
1075	401	2105	0
1075	1773	2300	0
1075	395	547	0
1075	1479	324	0
1075	4761	1999	0
1075	22	839	0
1075	1114	1112	0
1075	1353	1168	0
1075	1108	7482	0
1075	10730	2030	0
1075	10727	2208	0
1075	2707	128	0
1075	44200	127	0
1075	909	1886	0
1075	53	3731	0
1075	1516	2654	0
1075	11096	2216	0
1075	776	3634	0
1075	205	7709	0
1075	1153	777	0
1075	341	910	0
1075	14869	1827	0
1075	1010	1304	0
1075	469	3390	0
1075	3229	1736	0
1075	1052	3730	0
1075	1594	2191	0
1075	1174	3034	0
1075	3207	147	0
1075	756	5856	0
1075	211	1928	0
1075	1940	1311	0
1075	854	1957	0
1075	381	1990	0
1075	2890	4023	0
1075	111	1010	0
1075	28804	180	0
1075	1542	1944	0
1075	382	5693	0
1075	38992	113	0
1075	1201	824	0
1075	491	1975	0
1075	6756	1803	0
1075	247	3994	0
1075	244	3648	0
1075	242	1860	0
1075	11032	2104	0
1075	241	4265	0
56332	49918	152	50
56332	49938	124	8
124	158	1183	1
124	53	975	0
124	267	2211	4
124	111	3134	0
124	1346	1764	0
124	914	2987	1
124	4398	6376	1
3245	41069	791	1
41970	880	234	0
41970	49920	905	0
3165	3227	786	15
3165	12876	958	88
3167	1108	4424	0
3167	5576	330	0
138	551	411	0
138	510	2097	3
138	98	541	8
138	3340	466	0
138	515	1498	33
138	413	2724	0
138	197	1865	3
138	350	351	70
138	4893	1116	0
138	436	1075	1
138	521	7115	4
138	135	1336	3
138	221	2301	0
138	116	391	1
138	531	1886	0
138	491	413	1
138	267	514	62
138	335	300	36
138	573	1412	5
138	4216	824	0
141	4165	273	2
141	3870	558	6
141	116	378	6
141	323	302	0
141	3817	350	5
141	148	337	7
141	209	317	1
141	483	574	2
29522	29557	1667	0
6439	1201	1634	0
6439	1174	2114	0
6439	5169	1889	0
6439	486	486	1
6439	4141	275	0
4542	1940	2524	0
4542	1201	3153	0
4542	854	1830	0
4542	1174	1955	0
4542	4815	988	0
4542	1282	2001	0
4542	49415	2296	0
4542	244	258	0
4542	49410	2314	0
3157	11000	245	0
3157	205	6219	0
3157	2255	1521	0
3157	1174	2202	0
3157	4771	1810	0
10872	175	583	0
130	205	4424	0
130	53	640	0
130	111	3185	0
130	4936	1180	0
130	6207	1129	31
135	343	1923	1
135	138	1336	3
135	116	1296	7
135	98	1483	1
135	8606	1244	2
135	381	1319	0
135	335	1273	2
135	267	1304	4
135	436	1968	7
135	406	1306	0
4535	10683	2003	6
4535	515	7426	0
4535	521	2020	8
5604	53	262	1
2049	2	8618	0
2049	3999	10451	0
2049	2428	384	0
2050	2	9194	0
2050	1492	394	0
2050	49101	361	0
2050	1468	845	0
2050	39750	484	0
2050	4956	847	0
2050	1394	444	0
2050	14988	344	0
2050	2357	7014	0
2050	19768	119	0
2050	661	2456	0
2050	1513	277	0
6453	337	445	0
6453	6425	346	0
6453	486	514	0
6453	4141	297	0
6453	3349	1204	0
158	10393	2413	29
158	513	2359	0
158	10386	1509	0
158	918	8345	0
158	10335	601	0
158	2800	2597	0
158	10367	1425	1
158	10388	3493	0
158	10445	2564	0
158	10410	2466	12
158	1201	3166	0
158	10412	782	0
158	2798	3240	0
158	4896	3321	0
158	10441	3021	0
158	3379	2234	0
158	124	1183	1
158	10368	2532	2
158	10374	2673	0
49415	4542	2296	0
49415	2344	588	0
1245	19161	1462	0
1247	2	8466	0
1247	12546	105	0
1247	854	7443	0
1247	382	164	0
49410	4542	2314	0
148	3914	208	0
148	3574	315	3
148	5812	311	0
148	116	217	10
148	141	337	7
148	490	195	8
148	5236	243	1
148	209	145	2
148	522	1769	2
148	483	418	0
148	180	169	1
3137	869	124	0
3137	1108	6172	0
4517	1358	3251	0
4517	865	3622	0
4517	2255	1387	2
4517	4883	2146	0
4517	19162	1816	0
4517	4390	3528	0
4517	1108	7217	0
4517	3074	1621	1
4517	4994	1044	0
4517	914	1640	1
4517	11556	1098	0
4517	4141	2136	0
4517	3012	2064	0
29557	39770	1674	1
29557	29522	1667	0
1251	2	13270	0
175	10940	607	0
175	10107	1276	0
175	10971	585	1
175	10911	567	0
175	10938	3727	2
175	10904	1982	0
175	10962	1277	0
175	10872	583	0
175	10928	884	0
174	4302	3644	0
174	408	6593	2
174	460	6395	5
174	1108	1261	0
174	522	6460	3
10837	10812	350	19
10837	2241	206	4
2100	2	3501	0
4496	408	416	3
4496	1201	1572	0
4496	1384	6956	0
4496	1108	7365	0
4496	1010	136	0
19710	783	1302	0
19710	4771	2096	0
4501	2255	387	1
4501	5812	1945	0
4501	116	1904	0
4501	4896	100	0
4501	633	1460	0
4501	180	1916	0
1256	205	3796	0
1256	1440	3506	0
1256	8704	3588	0
1256	6220	3484	0
1256	1108	3592	0
1256	111	4230	0
164	2357	7092	0
164	10610	343	0
164	1474	423	0
164	10624	3018	0
3180	111	1108	0
3180	1010	1254	0
185	11074	2017	0
185	2	958	0
4489	4492	2619	0
4492	4489	2619	0
4492	19769	632	0
1265	2	9209	0
1265	1394	125	0
176	11000	2295	0
176	4302	355	0
176	2355	1010	0
176	177	257	28
6425	6453	346	0
6425	854	485	0
6425	337	627	0
6425	3012	327	0
177	11000	2262	0
177	6296	1854	0
177	4302	184	4
177	176	257	28
1274	8703	834	0
1274	48860	1779	0
1274	5808	1061	1
5576	3167	330	0
5576	4467	1592	2
180	5230	135	4
180	408	1708	0
180	460	1827	0
180	116	210	10
180	515	1359	4
180	490	187	3
180	5236	236	2
180	3817	181	1
180	148	169	1
180	4501	1916	0
180	483	416	0
107956	49101	284	0
4485	11957	7731	0
4485	4603	691	11
4485	267	2733	1
4485	4936	2011	0
4485	486	2792	1
4485	6594	2180	1
4485	521	7024	0
4485	6278	1544	0
4485	241	2481	0
1153	2	3289	0
1153	1201	1150	0
1153	1080	366	0
1153	4435	499	0
1153	446	2847	0
1153	4860	3154	0
1153	1075	777	0
1153	993	361	0
1153	247	3886	0
1153	111	1518	0
1153	1010	873	0
1153	401	1454	0
1153	382	6412	0
1153	4771	1014	0
205	408	7446	0
205	2	4176	0
205	680	981	2
205	3157	6219	0
205	469	4567	0
205	401	6130	0
205	130	4424	0
205	4283	463	0
205	2255	7393	0
205	2798	7423	0
205	1114	6666	0
205	1108	757	1
205	4753	6797	0
205	756	11263	0
205	1827	568	0
205	854	6128	0
205	8704	457	0
205	4914	4283	0
205	111	7252	0
205	4771	7872	0
205	1256	3796	0
205	1394	11592	0
205	1440	3100	0
205	1201	7333	0
205	1075	7709	0
5556	1358	1449	0
5556	119	2928	1
5556	865	1209	0
5556	2255	3313	0
5556	1019	2545	0
5556	786	3698	0
5556	1174	2082	0
5556	4467	1380	0
5556	5257	570	0
5556	1108	4194	0
5556	914	3037	0
4603	4936	1995	0
4603	4485	691	11
19603	39727	532	1
19603	1594	750	0
19603	3813	1543	0
197	138	1865	3
197	413	1192	25
197	267	1764	3
2141	2	2261	0
10812	10837	350	19
10812	3817	423	0
10812	573	1447	6
4594	1146	674	0
4594	3106	763	0
4594	469	578	1
221	2255	3389	0
221	138	2301	0
221	446	1017	0
221	1108	4078	0
221	585	2597	5
221	350	2316	0
221	335	2354	0
221	267	2193	0
221	111	3290	0
4589	2255	6370	0
4589	4914	8672	0
4589	382	149	0
4589	521	1407	0
4589	1394	667	0
222	119	2357	0
222	2	2363	0
222	10410	1027	1
222	1019	1961	0
222	1010	2077	0
222	486	1668	0
222	521	6408	0
19585	4078	279	1
117729	179156	1071	74
1174	956	2226	0
1174	2	1910	1
1174	408	3043	0
1174	6439	2114	0
1174	4542	1955	0
1174	3157	2202	0
1174	401	2201	0
1174	2319	2193	0
1174	1114	2451	0
1174	22	2960	0
1174	2027	7812	0
1174	5479	4245	0
1174	18415	8246	0
1174	1346	2806	0
1174	11074	2487	0
1174	2821	2480	0
1174	648	2442	0
1174	19580	12231	0
1174	914	2659	0
1174	19574	2222	0
1174	4771	3157	0
1174	1394	7960	0
1174	4663	2688	0
1174	1148	2696	0
1174	2357	4097	0
1174	53	1993	0
1174	2360	7637	0
1174	341	2776	0
1174	5556	2082	0
1174	1010	3068	0
1174	3328	2342	0
1174	4958	7290	0
1174	3229	2321	0
1174	4956	7752	0
1174	2255	2888	0
1174	323	2189	0
1174	2798	3013	1
1174	635	2224	0
1174	756	7431	0
1174	984	7409	0
1174	854	2143	0
1174	4435	2824	0
1174	2890	3301	0
1174	5257	1909	0
1174	382	7256	0
1174	119	2918	0
1174	1201	2863	0
1174	1922	2154	0
1174	1075	3034	0
1174	842	3057	0
3087	111	2832	0
3087	401	2629	0
3087	241	2744	0
1176	1146	235	0
1176	3106	391	2
1176	469	122	0
28399	2357	4697	0
28399	1108	5139	0
3074	2255	1076	0
3074	1201	1348	0
3074	29294	2831	0
3074	4771	1371	0
3074	4517	1621	1
209	3914	182	1
209	956	243	0
209	2	2187	0
209	141	317	1
209	4078	301	0
209	3769	227	0
209	3870	388	1
209	2255	1772	1
209	116	195	1
209	323	107	1
209	4792	1091	1
209	4390	2136	0
209	11096	257	0
209	3817	160	1
209	148	145	2
209	483	392	1
209	3383	449	0
209	211	356	0
211	956	435	0
211	2	2273	0
211	11105	1267	0
211	819	458	0
211	350	385	2
211	3328	744	0
211	401	354	1
211	2319	317	0
211	335	333	0
211	4994	1907	0
211	209	356	0
211	984	7604	0
211	98	561	0
211	854	432	0
211	446	1850	0
211	918	7781	0
211	111	2250	0
211	3667	345	12
211	1542	426	0
211	382	7444	0
211	3842	464	2
211	588	318	2
211	4771	2159	0
211	1198	317	0
211	1394	8212	0
211	3870	585	1
211	1201	1589	0
211	112	319	0
211	1075	1928	0
211	11096	471	1
211	241	4120	0
237	335	1270	0
237	436	1349	0
237	521	6466	0
3128	540	3825	0
3123	341	1266	0
3123	1114	550	0
3123	1108	6428	1
38992	854	2036	0
38992	1075	113	0
1198	2	2157	0
1198	854	300	0
1198	350	110	0
1198	211	317	0
226	12321	490	0
226	576	1047	0
226	475	445	4
226	111	2085	0
226	976	1517	0
226	2319	644	0
226	4806	767	0
226	11019	788	0
226	947	698	0
226	560	499	0
226	267	818	0
226	335	652	1
226	486	635	0
226	1695	463	0
226	4632	694	0
226	241	4072	0
1203	2255	3667	0
1203	2	1537	0
1203	11105	2838	0
1203	1201	3612	0
4559	11957	6998	0
4559	4663	904	0
4559	578	1417	0
4559	19755	1018	6
4559	244	2931	0
4559	914	1102	0
4559	521	6267	0
4559	4738	2996	0
5504	313	833	1
1200	19161	2495	0
1201	2	3429	0
1201	2204	7023	0
1201	2193	3359	0
1201	22	1144	0
1201	1351	1563	0
1201	1108	7071	0
1201	1346	4377	0
1201	2714	1607	0
1201	4914	3317	0
1201	10727	1824	0
1201	39612	6810	0
1201	1394	6922	0
1201	4900	6294	0
1201	53	3434	0
1201	531	2841	0
1201	1618	3244	0
1201	1307	3551	0
1201	341	1185	0
1201	10393	1468	0
1201	620	10770	0
1201	2255	1181	0
1201	869	1639	0
1201	1594	2504	0
1201	2798	1218	0
1201	38428	3508	0
1201	635	2389	0
1201	874	839	0
1201	2241	1622	0
1201	19048	1085	0
1201	578	800	0
1201	4161	1749	0
1201	5406	11004	0
1201	854	1611	0
1201	4435	1126	0
1201	381	1621	0
1201	111	1343	0
1201	1542	1600	0
1201	379	7060	0
1201	1075	824	0
1201	842	880	0
1201	3999	1195	0
1201	956	1646	0
1201	408	1618	0
1201	11105	1262	0
1201	1488	1594	0
1201	3400	1070	0
1201	6439	1634	0
1201	4542	3153	0
1201	16936	6833	0
1201	401	1646	0
1201	2319	1666	0
1201	4738	3322	0
1201	1479	900	0
1201	395	1080	0
1201	10147	6972	0
1201	1474	6885	0
1201	158	3166	0
1201	11074	1421	0
1201	918	6588	0
1201	4496	1572	0
1201	914	1314	0
1201	436	1555	0
1201	4771	769	0
1201	2357	4805	0
1201	661	5850	0
1201	2360	6846	0
1201	2363	3556	0
1201	1153	1150	0
1201	205	7333	0
1201	1430	11182	0
1201	475	1606	0
1201	3340	1662	0
1201	1010	1516	0
1201	11349	3536	0
1201	469	3039	0
1201	39770	6461	0
1201	19177	6813	0
1201	1174	2863	0
1201	3074	1348	0
1201	4820	3946	0
1201	756	6332	0
1201	211	1589	0
1201	984	6307	0
1201	1940	1550	0
1201	2890	3964	0
1201	1948	1590	0
1201	1468	6987	0
1201	12692	7725	0
1201	11019	1808	0
1201	1203	3612	0
1201	3384	3379	0
1201	3870	1661	0
1201	1922	1635	0
1201	4860	3301	0
1201	6756	1913	0
1201	6220	2879	0
1201	486	1671	0
1201	1695	1608	0
1201	726	6334	0
1201	483	1754	0
1201	241	4276	0
248	443	444	0
3106	956	1817	0
3106	1146	577	3
3106	1176	391	2
3106	469	477	1
3106	4594	763	0
28366	2255	7176	0
28366	2204	179	0
247	1153	3886	0
247	395	3666	0
247	10683	6955	0
247	578	4046	0
247	22	3797	0
247	1075	3994	0
247	111	3736	0
247	382	6402	0
2159	2	9269	0
244	4559	2931	0
244	4542	258	0
244	1075	3648	0
244	4547	120	1
244	3229	2208	0
244	521	8020	0
244	4738	1204	0
3105	3299	647	13
242	956	691	0
242	854	724	0
242	19580	13400	0
242	1075	1860	0
242	918	7662	0
242	335	593	2
242	401	615	0
242	2319	578	1
242	483	841	2
4547	854	1819	0
4547	244	120	1
106940	18534	102	0
241	956	4186	0
241	551	4038	0
241	2	3410	0
241	272	2192	0
241	11109	4331	0
241	2193	3294	0
241	401	4212	0
241	825	4326	0
241	6207	3418	0
241	552	5898	0
241	4078	4233	0
241	395	3969	0
241	22	4141	0
241	4994	3946	0
241	4874	2301	0
241	444	4692	0
241	446	3508	0
241	918	5836	0
241	1394	6049	0
241	291	4868	0
241	1384	5533	0
241	53	3286	0
241	661	5017	0
241	1618	2460	0
241	4785	5381	0
241	4485	2481	0
241	1307	3158	0
241	880	5759	0
241	341	4366	0
241	475	4041	0
241	11349	2194	0
241	1010	4864	0
241	469	3307	0
241	1052	3365	0
241	3087	2744	0
241	3206	4580	0
241	335	4226	0
241	4819	2717	0
241	3756	3018	0
241	756	5540	0
241	211	4120	0
241	576	3869	0
241	984	5519	0
241	1940	3923	0
241	4435	4387	0
241	381	4189	0
241	2890	3109	0
241	111	4080	0
241	976	3577	0
241	1542	4044	0
241	1948	4012	0
241	382	5406	0
241	4989	2552	0
241	226	4072	0
241	728	3267	0
241	3384	2288	0
241	1440	3706	0
241	1201	4276	0
241	491	4042	0
241	6756	4101	0
241	1075	4265	0
241	726	5543	0
5230	5812	279	2
5230	116	184	10
5230	5236	212	11
5230	180	135	4
272	956	2849	0
272	395	3389	0
272	1940	2922	0
272	2	1372	0
272	291	4056	0
272	446	1632	0
272	335	2853	0
272	111	3374	0
272	382	7462	0
272	241	2192	0
106584	118340	154	17
13832	4874	238	0
281	4161	941	0
281	585	1862	1
281	384	1983	2
281	436	1194	1
4141	2255	1668	0
4141	6453	297	0
4141	6439	275	0
4141	337	458	0
4141	5169	1943	0
4141	4517	2136	0
4141	3888	468	13
4141	3012	265	0
12876	3165	958	88
12876	854	1757	0
12876	3227	874	0
1358	5556	1449	0
1358	918	8027	0
1358	10374	2693	0
1358	4517	3251	0
1358	11556	3022	0
1359	395	472	0
1359	2	3391	0
1359	4994	383	0
1356	1426	3694	0
1356	5406	2494	0
1356	1430	775	0
1352	1353	378	114
109724	19935	727	13
1353	1352	378	114
1353	1075	1168	0
266	854	366	0
1351	956	2531	0
1351	2	3762	0
1351	1201	1563	0
1351	2204	6432	0
1351	34352	1078	0
1351	918	6084	0
1351	49624	1149	9
267	12321	492	0
267	138	514	62
267	475	482	0
267	4678	478	1
267	413	2604	0
267	197	1764	3
267	350	366	117
267	401	348	4
267	3229	795	1
267	4806	691	0
267	135	1304	4
267	221	2193	0
267	22	2223	0
267	560	462	0
267	4879	2468	1
267	335	312	70
267	573	1412	42
267	4216	855	25
267	19459	531	0
267	6248	303	4
267	510	1993	3
267	578	2529	0
267	98	588	3
267	515	1494	82
267	111	2502	0
267	520	1140	0
267	226	818	0
267	521	7167	17
267	11019	786	0
267	6150	448	0
267	124	2211	4
267	486	508	0
267	1695	497	0
267	4485	2733	1
5236	5230	212	11
5236	5812	374	24
5236	116	282	47
5236	6116	200	0
5236	490	265	2
5236	6155	976	4
5236	6139	532	14
5236	3817	257	2
5236	3703	323	2
5236	148	243	1
5236	180	236	2
5236	6248	176	3
49304	1725	376	0
5234	5169	1409	2
1346	2	1285	0
1346	1201	4377	0
1346	1174	2806	0
1346	124	1764	0
1346	4398	6382	0
118340	106584	154	17
6296	177	1854	0
6296	6278	1665	1
1404	2	3253	0
1406	49147	1062	0
1406	2	3735	0
1406	918	6098	0
1403	2	8901	0
1403	2357	6808	0
1403	2798	6481	0
1403	1010	7341	0
1403	756	395	0
6289	956	1277	0
6289	728	125	0
6289	695	216	0
5189	3935	1395	0
5189	5209	1747	7
5189	540	427	0
5189	486	1419	0
313	3870	2223	0
313	5504	833	1
313	494	945	5
313	111	3252	0
312	483	1171	2
11206	483	474	0
1394	551	8278	0
1394	2	9232	0
1394	11105	6957	0
1394	2204	344	0
1394	49980	341	0
1394	49968	332	0
1394	401	8453	0
1394	49973	296	0
1394	552	731	0
1394	395	6220	0
1394	2050	444	0
1394	1474	422	0
1394	22	6723	0
1394	18415	304	0
1394	38495	173	0
1394	19096	7837	0
1394	39727	7264	0
1394	444	7498	0
1394	19580	10321	0
1394	918	1356	0
1394	49938	180	0
1394	532	303	0
1394	2357	6965	5
1394	12505	11984	0
1394	1265	125	0
1394	3580	102	0
1394	661	2481	0
1394	49920	2010	0
1394	776	7294	0
1394	205	11592	0
1394	12722	391	0
1394	1010	7611	0
1394	39750	127	0
1394	4589	667	0
1394	49906	158	0
1394	1594	7159	0
1394	1174	7960	0
1394	49918	240	0
1394	38545	472	0
1394	10374	6896	0
1394	756	613	0
1394	211	8212	0
1394	1671	279	0
1394	1940	7225	0
1394	854	8248	0
1394	4435	7127	0
1394	38167	9396	0
1394	381	8337	0
1394	382	774	0
1394	1440	9479	0
1394	1201	6922	0
1394	1922	8344	0
1394	4860	9326	0
1394	726	593	0
1394	241	6049	0
1394	10677	526	0
1388	8626	553	44
1388	49865	336	5
19835	4864	595	0
19835	332	6247	0
3574	116	361	7
3574	14447	1871	3
3574	148	315	3
291	956	1518	0
291	395	1839	0
291	9651	773	0
291	1940	2016	0
291	272	4056	0
291	1052	3558	0
291	918	7341	0
291	350	1546	0
291	18415	8017	0
291	469	3230	0
291	4771	1610	0
291	726	7134	0
291	241	4868	0
1384	395	5625	0
1384	341	6691	0
1384	854	7655	0
1384	1010	7014	0
1384	4496	6956	0
1384	469	8379	0
1384	401	7859	0
1384	382	231	0
1384	552	464	0
1384	241	5533	0
5209	5189	1747	7
5209	486	924	0
179156	117729	1071	74
3580	14988	215	0
3580	2357	6943	0
3580	1474	357	0
3580	1394	102	0
102100	121693	289	3
6278	6296	1665	1
6278	4485	1544	0
10107	10971	860	0
10107	10911	852	0
10107	10147	871	0
10107	175	1276	0
10107	10938	3815	0
10107	10904	2109	0
10107	10962	881	9
10107	2398	857	0
10107	10928	1122	0
10107	4770	832	0
10107	379	904	0
1307	2	373	0
1307	2657	790	0
1307	1201	3551	0
1307	854	2333	0
1307	53	335	0
1307	22	3563	0
1307	2193	321	0
1307	111	3419	0
1307	401	2414	0
1307	49202	1050	0
1307	241	3158	0
343	534	851	6
343	392	1028	4
343	135	1923	1
121693	102100	289	3
341	2	3293	0
341	1010	1090	0
341	395	1242	0
341	1594	2423	0
341	3207	970	0
341	1174	2776	0
341	22	1357	0
341	1591	890	0
341	874	924	0
341	10374	1102	0
341	24266	1334	0
341	854	1319	0
341	3123	1266	0
341	111	1596	0
341	1542	1301	0
341	382	6532	0
341	4771	1098	0
341	2707	981	0
341	728	2044	0
341	1080	829	0
341	1148	827	0
341	1201	1185	0
341	1384	6691	0
341	2631	1198	0
341	842	1157	0
341	1075	910	0
341	776	3598	0
341	241	4366	0
3463	4467	1288	1
49101	2050	361	0
49101	107956	284	0
337	2	1868	0
337	6453	445	0
337	1948	460	0
337	6425	627	0
337	486	573	3
337	4141	458	0
337	3012	421	0
350	2	2126	0
350	19404	116	7
350	138	351	70
350	98	407	15
350	515	1368	67
350	381	302	0
350	6139	485	1
350	401	166	3
350	1198	110	0
350	521	7124	10
350	221	2316	0
350	291	1546	0
350	1052	2078	0
350	267	366	117
350	335	128	70
350	573	1351	22
350	3273	285	5
350	211	385	2
346	576	1195	0
346	503	963	0
14988	2050	344	0
14988	3580	215	0
322	576	930	0
322	4749	285	0
322	11074	352	0
322	854	1308	0
322	3340	1354	0
322	53	2928	0
322	6155	1508	0
322	4893	921	0
322	1695	1306	0
322	401	1518	0
322	382	6238	0
322	4753	145	0
322	436	1483	0
322	4771	1158	0
322	4923	377	0
323	956	228	0
323	3870	376	1
323	2204	8616	0
323	141	302	0
323	1174	2189	0
323	918	8051	0
323	401	115	1
323	209	107	1
323	483	382	0
1282	2	2210	0
1282	4542	2001	0
335	2	2162	0
335	237	1270	0
335	272	2853	0
335	138	300	36
335	98	345	4
335	515	1318	28
335	350	128	70
335	111	2428	0
335	401	100	3
335	521	7130	4
335	226	652	1
335	135	1273	2
335	533	341	2
335	221	2354	0
335	267	312	70
335	573	1336	4
335	242	593	2
335	211	333	0
335	241	4226	0
49370	11019	443	0
332	19835	6247	0
3480	22	713	0
5169	6439	1889	0
5169	918	8799	0
5169	1108	3961	0
5169	486	1958	0
5169	5234	1409	2
5169	4141	1943	0
5169	947	2006	0
3486	19481	253	1
3486	14967	265	0
4216	5739	648	14
4216	138	824	0
4216	515	1743	33
4216	267	855	25
4216	573	1353	186
4165	956	198	0
4165	3870	346	1
4165	141	273	2
4165	854	298	0
4165	1542	292	0
4165	483	348	1
49383	1786	806	2
49383	49386	773	6
4161	956	1813	0
4161	2255	1383	0
4161	1201	1749	0
4161	4435	1166	0
4161	281	941	0
4161	436	1076	0
38167	1394	9396	0
12835	1100	8150	0
12835	4947	8144	0
12835	6220	9180	0
12835	2428	385	0
12835	10374	10248	0
19755	4559	1018	6
19755	18190	750	0
19755	4730	1148	0
19755	914	506	2
381	956	340	0
381	551	210	0
381	2	2255	0
381	11105	1410	0
381	475	206	0
381	446	1807	0
381	19580	13539	0
381	111	2310	0
381	350	302	0
381	1010	1460	0
381	382	7571	0
381	401	278	0
381	4771	2234	0
381	2319	256	0
381	552	8078	0
381	135	1319	0
381	1394	8337	0
381	1201	1621	0
381	491	210	0
381	22	2008	0
381	1075	1990	0
381	486	352	0
381	4632	474	0
381	3273	209	0
381	11032	931	0
381	241	4189	0
49386	49383	773	6
49386	1786	759	24
43679	1010	334	0
43679	19541	917	0
3499	854	248	0
3499	1948	256	0
3499	1542	233	0
382	1153	6412	0
382	956	7597	0
382	551	7510	0
382	341	6532	0
382	2	8490	0
382	272	7462	0
382	1010	6874	0
382	401	7686	0
382	469	8178	0
382	4958	349	0
382	825	7612	0
382	552	600	0
382	395	5455	0
382	4589	149	0
382	322	6238	0
382	2798	6020	0
382	1174	7256	0
382	1247	164	0
382	4994	5554	0
382	756	249	0
382	211	7444	0
382	984	224	0
382	854	7479	0
382	446	8198	0
382	381	7571	0
382	918	913	0
382	111	5880	0
382	436	7206	0
382	4771	5446	0
382	1394	774	0
382	12546	147	0
382	1384	231	0
382	53	8249	0
382	491	7500	0
382	2211	5169	0
382	1075	5693	0
382	247	6402	0
382	661	2216	0
382	726	243	0
382	241	5406	0
379	10107	904	0
379	10971	316	0
379	4858	2417	0
379	1201	7060	0
379	25059	550	0
379	918	2018	0
379	661	2555	0
379	10928	620	0
379	4956	299	0
49147	1406	1062	0
358	4914	190	0
358	521	7953	0
358	776	3249	0
19769	4492	632	0
19768	2050	119	0
19768	6752	396	0
18808	39556	772	0
18808	4858	2252	0
18808	4770	628	0
2545	4883	1828	0
6195	854	2352	0
6195	53	260	0
6195	111	3447	0
408	205	7446	0
408	4302	3694	0
408	2	3570	0
408	444	662	0
408	174	6593	2
408	585	1759	0
408	4496	416	3
408	10388	519	0
408	522	1164	3
408	1201	1618	0
408	116	1715	1
408	460	1341	3
408	1174	3043	0
408	531	3036	0
408	1075	1423	0
408	1108	7159	0
408	384	1768	2
408	486	1685	0
408	4855	3364	0
408	180	1708	0
1492	2050	394	0
1492	2	9298	0
1492	10374	6988	0
1492	14443	290	0
11105	11957	6687	0
11105	10393	393	0
11105	2800	574	0
11105	401	1518	0
11105	2319	1574	0
11105	3229	1297	0
11105	395	815	0
11105	3631	1574	0
11105	1594	2954	0
11105	10368	243	0
11105	756	6376	0
11105	211	1267	0
11105	39727	3191	0
11105	4435	1015	0
11105	29225	7010	0
11105	381	1410	0
11105	5257	2930	0
11105	1394	6957	0
11105	4923	283	0
11105	1203	2838	0
11105	1201	1262	0
11105	2357	4422	0
11105	39584	6638	0
11105	836	2697	0
11105	4860	2792	0
11105	486	1416	0
11105	39729	6873	0
11105	3383	1312	0
2305	2	345	0
414	2193	1174	0
6199	19164	2181	0
6199	101	1316	0
6199	53	276	0
6199	111	3434	0
1488	2	2989	0
1488	1201	1594	0
1488	993	1021	0
1488	1542	895	0
3400	1201	1070	0
3400	3399	330	105
3400	1108	7277	1
11109	854	378	0
11109	3700	285	0
11109	241	4331	0
413	138	2724	0
413	197	1192	25
413	267	2604	0
3399	3400	330	105
3396	3395	1948	66
401	956	239	1
401	2	2181	0
401	11105	1518	0
401	819	280	0
401	825	293	0
401	552	8195	0
401	395	2243	0
401	560	277	0
401	1114	1382	0
401	267	348	4
401	1108	5758	0
401	4994	2137	0
401	3273	274	0
401	19096	816	1
401	8703	1411	0
401	4781	1334	0
401	2821	1316	0
401	786	2296	0
401	4914	2003	0
401	446	1744	0
401	918	8004	0
401	4771	2349	0
401	1394	8453	0
401	1384	7859	0
401	53	2406	0
401	11096	260	0
401	661	6821	0
401	205	6130	0
401	1153	1454	0
401	1307	2414	0
401	475	299	0
401	350	166	3
401	3328	533	0
401	468	125	0
401	1010	1562	0
401	469	1823	0
401	3631	304	0
401	2657	2325	0
401	322	1518	0
401	323	115	1
401	1174	2201	0
401	3087	2629	0
401	335	100	3
401	2784	350	0
401	2241	261	2
401	756	7868	0
401	211	354	1
401	576	1077	0
401	854	307	0
401	381	278	0
401	111	2394	0
401	1542	301	0
401	382	7686	0
401	728	1230	0
401	1201	1646	0
401	491	290	0
401	4860	1968	0
401	842	2099	0
401	1075	2105	0
401	242	615	0
401	483	395	1
401	241	4212	0
406	503	343	1
406	135	1306	0
6207	53	1065	0
6207	111	2877	0
6207	4936	1434	0
6207	130	1129	31
6207	241	3418	0
2319	956	193	0
2319	2	2156	0
2319	11105	1574	0
2319	854	304	0
2319	381	256	0
2319	226	644	0
2319	1201	1666	0
2319	1174	2193	0
2319	842	2143	0
2319	11096	202	0
2319	4632	573	0
2319	242	578	1
2319	10374	1625	0
2319	211	317	0
3395	3396	1948	66
3395	1948	933	0
395	956	2178	0
395	341	1242	0
395	2	3647	0
395	11105	815	0
395	272	3389	0
395	12722	6285	0
395	1010	1765	0
395	401	2243	0
395	469	3249	0
395	4956	6220	0
395	552	5961	0
395	1359	472	0
395	22	1045	0
395	1114	1027	0
395	4994	120	0
395	10374	720	0
395	756	5633	0
395	578	561	0
395	854	2050	0
395	446	3276	0
395	918	5934	0
395	111	1124	0
395	382	5455	0
395	4771	522	0
395	1394	6221	0
395	728	2261	0
395	1201	1080	0
395	291	1839	0
395	1384	5625	0
395	53	3560	0
395	2211	2682	0
395	1075	547	0
395	3999	495	0
395	247	3666	0
395	776	3557	0
395	241	3969	0
1479	2	4061	0
1479	1201	900	0
1479	34352	254	1
1479	1114	1382	0
1479	1075	324	0
1479	11349	3907	0
1479	469	3655	0
4283	205	463	0
4283	918	11461	0
4283	1108	329	1
392	343	1028	4
2320	2	284	0
2320	5257	528	0
10147	10107	871	0
10147	39619	310	0
10147	1201	6972	0
10147	39622	215	0
10147	39584	661	1
10147	49920	931	0
10147	10928	384	0
10147	39630	162	0
6182	53	265	0
1474	2	9048	0
1474	1201	6885	0
1474	2357	6913	0
1474	3580	357	0
1474	49938	369	0
1474	1394	422	0
1474	164	423	0
384	408	1768	2
384	494	2476	2
384	116	1567	0
384	281	1983	2
384	522	1282	3
4279	668	2129	0
4279	918	7245	0
4279	4771	1777	0
19935	11074	705	0
19935	109724	727	13
11074	10445	441	0
11074	1201	1421	0
11074	185	2017	0
11074	322	352	0
11074	4880	522	0
11074	1174	2487	0
11074	4753	270	0
11074	19935	705	0
11074	10374	404	0
11074	4923	496	0
29286	975	419	0
29286	2638	483	7
29286	4923	503	0
443	248	444	0
3439	18993	815	0
444	408	662	0
444	854	1650	0
444	53	3609	0
444	28804	1176	0
444	1010	422	0
444	4855	3335	0
444	4771	1433	0
444	756	6909	0
444	1394	7498	0
444	241	4692	0
445	2998	3309	0
2341	2	2154	0
446	1153	2847	0
446	551	1680	0
446	1940	2562	0
446	2	844	0
446	2821	2422	0
446	272	1632	0
446	381	1807	0
446	2193	802	0
446	111	3123	0
446	1010	3205	0
446	382	8198	0
446	401	1744	0
446	469	984	0
446	552	8754	0
446	395	3276	0
446	221	1017	0
446	491	1690	0
446	53	886	0
446	1108	4323	0
446	661	6918	0
446	211	1850	0
446	241	3508	0
14967	3486	265	0
2344	2	2667	0
2344	3448	348	27
2344	49415	588	0
29294	3074	2831	0
436	237	1349	0
436	1201	1555	0
436	138	1075	1
436	4161	1076	0
436	322	1483	0
436	3813	680	0
436	585	1814	0
436	1010	688	0
436	281	1194	1
436	382	7206	0
436	135	1968	7
10137	39556	652	0
10137	39584	293	0
10137	49920	1417	0
10137	4770	1330	0
1508	2	3279	0
2355	2	800	0
2355	176	1010	0
2355	4956	8699	0
2357	2	3410	0
2357	11105	4422	0
2357	1403	6808	0
2357	49938	6900	0
2357	39750	7065	0
2357	4771	4951	0
2357	164	7092	0
2357	1394	6965	5
2357	10751	4622	0
2357	865	3631	0
2357	2255	4866	0
2357	2050	7014	0
2357	1201	4805	0
2357	49906	6955	0
2357	1474	6913	0
2357	1174	4097	0
2357	3580	6943	0
2357	842	4903	0
2357	661	6093	0
2357	49920	6804	0
2357	28399	4697	0
2357	4753	4418	0
2357	776	4744	0
3448	2344	348	27
6150	6116	265	0
6150	267	448	0
6150	6155	1001	6
6150	6156	707	4
6150	947	466	0
11097	854	334	0
11097	469	1809	0
11097	483	383	0
2361	2	3824	0
2361	34352	113	0
11096	956	363	0
11096	10730	394	0
11096	854	428	0
11096	1075	2216	0
11096	1542	426	0
11096	401	260	0
11096	2319	202	0
11096	209	257	0
11096	211	471	1
1516	956	1470	0
1516	2	1571	0
1516	1075	2654	0
1516	4771	2869	0
2360	10971	173	0
2360	2	8638	0
2360	1201	6846	0
2360	1174	7637	0
6155	19404	914	3
6155	6116	927	11
6155	322	1508	0
6155	6150	1001	6
6155	6139	1180	21
6155	5236	976	4
6155	1948	1017	0
6155	6156	1159	43
6155	483	1102	0
2363	2	616	0
2363	1201	3556	0
2363	975	2980	0
2363	918	8445	0
2363	2193	552	0
2363	4874	871	2
2363	898	363	0
3446	2890	2122	0
1513	2002	315	0
1513	2050	277	0
1513	2	9067	0
1513	2027	225	0
49202	1307	1050	0
49202	4874	189	0
6156	6116	605	3
6156	6150	707	4
6156	6155	1159	43
3440	4669	1203	2
3440	469	612	2
2366	4690	1656	5
2366	2	3408	0
2366	661	6097	0
108555	19294	548	27
108555	19293	135	0
12942	2204	228	0
1426	1356	3694	0
1426	2	10030	0
1426	5406	5163	0
1426	1430	4063	0
1426	4956	5432	0
14869	854	225	0
14869	1075	1827	0
14869	918	7660	0
14869	1542	220	0
14869	914	1191	0
1430	1426	4063	0
1430	38515	6374	0
1430	1356	775	0
1430	2	13130	0
1430	1201	11182	0
1430	5406	1982	2
1430	38878	3346	1
1430	38706	3165	0
1430	1970	8974	0
1430	3279	6550	0
1430	4956	4438	0
475	576	849	0
475	956	331	0
475	2	2138	0
475	10727	564	0
475	381	206	0
475	2193	2101	0
475	111	2246	0
475	401	299	0
475	226	445	4
475	4806	395	0
475	11019	434	0
475	1201	1606	0
475	1922	117	0
475	267	482	0
475	486	275	0
475	11032	775	0
475	241	4041	0
472	10467	146	204
3340	551	105	5
3340	1201	1662	0
3340	138	466	0
3340	4761	176	0
3340	322	1354	0
3340	1922	174	0
3340	854	131	0
3340	491	110	2
3340	11070	768	0
468	854	307	0
468	401	125	0
3328	956	630	0
3328	1174	2342	0
3328	819	667	6
3328	401	533	0
3328	211	744	0
469	205	4567	0
469	956	1858	0
469	2	540	0
469	1010	3302	0
469	401	1823	0
469	552	8742	0
469	4594	578	1
469	395	3249	0
469	1479	3655	0
469	2798	3212	0
469	1114	2302	0
469	1176	122	0
469	1940	2431	0
469	4435	3044	0
469	854	1750	0
469	446	984	0
469	5257	637	0
469	111	3102	0
469	1948	1770	0
469	382	8178	0
469	909	1803	0
469	291	3230	0
469	1201	3039	0
469	1384	8379	0
469	11097	1809	0
469	1075	3390	0
469	3106	477	1
469	3440	612	2
469	241	3307	0
19860	39727	176	9
19860	1594	463	0
3353	2800	751	8
460	408	1341	3
460	174	6395	5
460	4855	3056	0
460	522	832	2
460	180	1827	0
1414	956	455	0
1414	2	2433	0
457	956	2313	0
457	578	2258	0
18898	573	1382	4
11070	4761	778	0
11070	3340	768	0
11070	540	2154	0
11070	1948	764	0
11070	11019	1079	0
2398	10107	857	0
2398	19385	463	0
2398	2	8749	0
14861	4956	7730	0
3349	2255	1704	0
3349	6453	1204	0
6248	267	303	4
6248	5236	176	3
6248	486	303	0
6248	521	7137	1
6248	4686	1521	0
510	138	2097	3
510	267	1993	3
4302	408	3694	0
4302	174	3644	0
4302	176	355	0
4302	177	184	4
29225	11105	7010	0
5257	11105	2930	0
5257	2320	528	0
5257	5556	570	0
5257	854	2283	0
5257	4914	487	0
5257	1174	1909	0
5257	918	8690	0
5257	469	637	0
5257	10374	3056	0
5257	4771	4053	0
2413	2	392	0
2413	854	1870	0
2413	531	811	0
503	406	343	1
503	346	963	0
1468	880	237	0
1468	2050	845	0
1468	2	8762	0
1468	1201	6987	0
39233	661	2220	0
11019	12321	474	0
11019	1201	1808	0
11019	3935	556	0
11019	854	446	0
11019	475	434	0
11019	11070	1079	0
11019	267	786	0
11019	49370	443	0
11019	1695	450	0
11019	486	623	0
11019	226	788	0
11019	4806	717	0
1440	205	3100	0
1440	2	2267	0
1440	8704	2869	0
1440	6756	4067	0
1440	680	2853	0
1440	1108	2901	0
1440	111	4709	0
1440	1827	2855	0
1440	1394	9479	0
1440	1256	3506	0
1440	241	3706	0
3384	1201	3379	0
3384	4879	405	0
3384	3756	1221	0
3384	241	2288	0
5267	4690	295	0
5267	4771	2267	0
5267	3229	534	50
5267	947	516	0
4319	4318	775	25
494	1766	3046	1
494	313	945	5
494	3756	1651	3
494	384	2476	2
4318	4319	775	25
491	35	236	0
491	138	413	1
491	98	489	0
491	3340	110	2
491	446	1690	0
491	381	210	0
491	111	2262	0
491	382	7500	0
491	401	290	0
491	1922	114	0
491	1075	1975	0
491	241	4042	0
490	3018	341	1
490	116	235	8
490	515	1377	6
490	5236	265	2
490	3817	207	5
490	148	195	8
490	180	187	3
6220	854	1932	0
6220	4883	2130	0
6220	12835	9180	0
6220	111	2951	0
6220	10511	680	0
6220	1256	3484	0
6220	5843	763	0
6220	1201	2879	0
6220	2798	3025	0
6220	531	1152	0
6220	836	1085	0
6220	1108	4561	0
6220	573	1858	0
6220	5717	2018	0
2428	2049	384	0
2428	2	8810	0
2428	925	365	0
2428	12835	385	0
3379	158	2234	0
3379	1542	272	0
486	12321	305	0
486	408	1685	0
486	11105	1416	0
486	475	275	0
486	6439	486	1
486	337	573	3
486	6046	298	3
486	4804	439	0
486	4806	561	0
486	947	546	0
486	222	1668	0
486	2255	1736	0
486	6453	514	0
486	1108	5731	0
486	267	508	0
486	4936	1521	0
486	5169	1958	0
486	6248	303	0
486	5189	1419	0
486	584	540	4
486	381	352	0
486	1948	309	0
486	521	7012	0
486	226	635	0
486	4771	2287	0
486	11019	623	0
486	3012	481	0
486	1201	1671	0
486	18190	1409	3
486	3935	365	0
486	5209	924	0
486	4657	282	0
486	1695	292	0
486	4485	2792	1
11032	956	993	0
11032	854	775	0
11032	475	775	0
11032	1075	2104	0
11032	381	931	0
11032	2193	1842	0
11032	1948	779	0
11032	3273	786	0
483	4165	348	1
483	3914	437	1
483	956	494	0
483	2	2428	0
483	141	574	2
483	312	1171	2
483	401	395	1
483	1773	669	0
483	11206	474	0
483	3870	626	2
483	1201	1754	0
483	323	382	0
483	112	346	0
483	11097	383	0
483	3682	343	0
483	6155	1102	0
483	3817	433	2
483	2241	510	1
483	148	418	0
483	242	841	2
483	5717	689	2
483	209	392	1
483	180	416	0
3383	3870	657	0
3383	11105	1312	0
3383	918	7720	0
3383	209	449	0
3382	854	854	0
551	138	411	0
551	98	489	0
551	1922	110	0
551	3340	105	5
551	446	1680	0
551	381	210	0
551	111	2269	0
551	382	7510	0
551	1394	8278	0
551	241	4038	0
18993	3439	815	0
18993	854	193	0
110523	138741	292	0
4883	53	2517	0
4883	6220	2130	0
4883	4517	2146	0
4883	2545	1828	0
4880	11074	522	0
4880	10445	502	0
4893	576	692	0
4893	138	1116	0
4893	322	921	0
4893	98	1142	0
29175	4914	9986	0
29175	4771	7011	0
552	956	8108	0
552	2	9060	0
552	854	7995	0
552	446	8754	0
552	381	8078	0
552	111	6375	0
552	1542	7989	0
552	1010	7313	0
552	382	600	0
552	401	8195	0
552	469	8742	0
552	4771	5923	0
552	1394	731	0
552	395	5961	0
552	12546	585	0
552	1384	464	0
552	2798	6500	0
552	2211	5635	0
552	756	449	0
552	241	5898	0
108342	19164	2427	0
39556	18808	772	0
39556	4770	762	0
39556	10137	652	0
10445	11074	441	0
10445	854	1301	0
10445	4880	502	0
10445	158	2564	0
10445	976	721	0
10445	10368	420	0
10445	10374	339	0
124863	124862	141	11
124862	124863	141	11
10441	513	1586	0
10441	158	3021	0
10441	10388	1582	0
3813	1940	1990	0
3813	19603	1543	0
3813	1108	7292	0
3813	4632	1363	0
3813	436	680	0
3813	10374	1524	0
3813	4771	1524	0
3813	4956	7820	0
3813	3700	1543	0
4864	19835	595	0
4864	4738	1754	0
560	10751	854	0
560	854	108	0
560	267	462	0
560	1695	115	0
560	401	277	0
560	4771	2251	0
560	226	499	0
4879	3384	405	0
4879	578	3751	0
4879	1052	1310	0
4879	4466	1176	0
4879	267	2468	1
4879	4819	788	0
4879	3756	1208	2
4879	4989	669	1
4879	3229	2745	0
4879	521	7226	2
2727	1948	163	0
573	5739	1335	5
573	2	1956	0
573	138	1412	5
573	515	2220	57
573	18898	1382	4
573	10812	1447	6
573	6220	1858	0
573	350	1351	22
573	335	1336	4
573	267	1412	42
573	521	6860	1
573	4216	1353	186
3817	956	281	0
3817	3018	332	9
3817	141	350	5
3817	515	1369	1
3817	10812	423	0
3817	3667	147	0
3817	3703	266	2
3817	116	229	4
3817	1086	1899	0
3817	490	207	5
3817	5236	257	2
3817	209	160	1
3817	180	181	1
3817	483	433	2
39561	4858	2373	0
39561	39612	257	0
4874	19285	198	0
4874	854	2591	0
4874	13832	238	0
4874	2363	871	2
4874	49202	189	0
4874	241	2301	0
38495	1394	173	0
4916	22	898	0
39605	939	452	0
39605	10928	456	0
39604	39622	446	0
39604	10928	617	0
4913	22	880	0
513	10393	863	0
513	10441	1586	0
513	158	2359	0
513	10388	1997	0
4914	205	4283	0
4914	956	2046	0
4914	5257	487	0
4914	401	2003	0
4914	29175	9986	0
4914	4956	8857	0
4914	3870	2169	0
4914	4589	8672	0
4914	358	190	0
4914	2255	3348	0
4914	1201	3317	0
4914	22	3419	0
4914	1108	3946	0
4914	4994	3492	0
4914	5717	2031	0
4914	726	8772	0
2714	956	338	0
2714	533	216	0
2714	1201	1607	0
2714	3229	377	0
515	5739	1302	6
515	2	2783	0
515	138	1498	33
515	98	1564	3
515	350	1368	67
515	521	7263	4
515	4535	7426	0
515	116	1395	7
515	490	1377	6
515	267	1494	82
515	335	1318	28
515	573	2220	57
515	3817	1369	1
515	4669	3016	0
515	4216	1743	33
515	180	1359	4
39612	4858	2502	0
39612	1201	6810	0
39612	39561	257	0
520	918	7273	0
520	2193	2834	0
520	267	1140	0
521	11957	1233	0
521	1671	1405	0
521	578	5429	0
521	237	6466	0
521	1019	6384	0
521	138	7115	4
521	98	7019	2
521	515	7263	4
521	350	7124	10
521	4535	2020	8
521	4589	1407	0
521	4559	6267	0
521	2255	6064	2
521	222	6408	0
521	358	7953	0
521	4879	7226	2
521	4730	6285	0
521	267	7167	17
521	335	7130	4
521	244	8020	0
521	573	6860	1
521	486	7012	0
521	6248	7137	1
521	4485	7024	0
522	2255	725	0
522	408	1164	3
522	460	832	2
522	174	6460	3
522	384	1282	3
522	148	1769	2
4923	576	1028	0
4923	11074	496	0
4923	29286	503	0
4923	11105	283	0
4923	322	377	0
4923	22	1400	0
4923	4753	288	1
2707	341	981	0
2707	1075	128	0
2707	918	6049	0
533	2	2247	0
533	98	533	1
533	2714	216	0
533	335	341	2
533	3229	504	5
38515	1430	6374	0
4900	1201	6295	0
4900	6756	7163	0
4900	4819	7942	0
532	1940	7523	0
532	854	8549	0
532	4771	6497	0
532	1394	303	0
1627	2	12024	0
14814	695	1300	0
4902	578	717	0
4902	22	1165	0
534	343	851	6
4896	2255	450	3
4896	158	3321	0
4896	540	114	0
4896	914	851	0
4896	4771	694	0
4896	4501	100	0
39584	4947	669	0
39584	11105	6638	0
39584	10147	661	1
39584	39622	551	0
39584	918	2459	0
39584	10928	695	1
39584	10137	293	0
39584	39630	757	0
39584	4956	665	0
531	3006	943	0
531	578	3267	0
531	408	3036	0
531	2	913	0
531	6752	8759	0
531	1201	2841	0
531	138	1886	0
531	22	2948	0
531	6220	1152	0
531	2413	811	0
531	661	6869	0
531	1827	4661	0
540	4930	1227	0
540	2255	396	0
540	3128	3825	0
540	4896	114	0
540	786	1085	0
540	5808	860	0
540	22	1094	0
540	5189	427	0
540	11070	2154	0
540	1695	1721	0
540	4855	3408	0
1618	2	1445	0
1618	1201	3244	0
1618	854	2433	0
1618	22	3163	0
1618	111	3136	0
1618	11349	442	0
1618	3756	1303	0
1618	241	2460	0
10467	472	146	204
2810	35	326	0
4947	39584	669	0
4947	12835	8144	0
4947	22	6769	0
4947	918	2048	0
4947	3010	8216	0
10393	11105	393	0
10393	10410	702	151
10393	1201	1468	0
10393	513	863	0
10393	158	2413	29
10393	10368	583	1
10393	4753	419	0
10393	10374	530	0
10393	10388	1774	0
10386	158	1509	0
5908	1108	8375	0
2800	3353	751	8
2800	11105	574	0
2800	10410	879	0
2800	158	2597	0
2800	10368	746	0
2800	10374	681	0
3772	914	15746	0
3772	4771	15112	0
4958	854	7465	0
4958	1174	7290	0
4958	22	5928	0
4958	918	852	0
4958	382	349	0
4958	10374	6113	0
4958	756	278	0
4958	726	273	0
10388	408	519	0
10388	10393	1774	0
10388	513	1997	0
10388	10441	1582	0
10388	158	3493	0
4956	1426	5432	0
4956	880	232	0
4956	1430	4438	0
4956	12722	976	0
4956	39750	1298	0
4956	395	6220	0
4956	2050	847	0
4956	2255	7114	0
4956	1174	7752	0
4956	3813	7820	0
4956	22	6753	0
4956	1108	10896	0
4956	14861	7730	0
4956	10374	6829	0
4956	39630	132	0
4956	756	1410	0
4956	5406	4688	0
4956	854	8144	0
4956	4914	8857	0
4956	918	2040	0
4956	10727	8401	0
4956	4771	6313	0
4956	379	299	0
4956	2355	8699	0
4956	39584	665	0
4956	661	2491	0
4956	19074	311	0
620	1201	10770	0
620	854	10380	0
3769	209	227	0
4930	22	1520	0
4930	540	1227	0
4929	2798	948	0
4929	22	896	0
39619	10147	310	0
39619	103924	105	128
39619	39630	201	0
1594	956	3240	0
1594	39727	566	0
1594	2	5313	0
1594	341	2423	0
1594	11105	2954	0
1594	854	3251	0
1594	4435	2214	0
1594	19603	750	0
1594	918	6870	0
1594	4771	2189	0
1594	1394	7159	0
1594	19860	463	0
1594	1201	2504	0
1594	1075	2191	0
1594	756	6602	0
2798	205	7423	0
2798	1403	6481	0
2798	382	6020	0
2798	469	3212	0
2798	552	6500	0
2798	4929	948	0
2798	1201	1218	0
2798	158	3240	0
2798	1174	3013	1
2798	22	1213	0
2798	842	934	0
2798	6220	3025	0
2798	661	5757	0
39622	39604	446	0
39622	10147	215	0
39622	39584	551	0
39622	39630	277	0
38428	1201	3508	0
635	1201	2389	0
635	1174	2224	0
1591	341	890	0
1591	2	2766	0
633	5812	1077	11
633	116	1026	14
633	4501	1460	0
10368	10445	420	0
10368	11105	243	0
10368	10393	583	1
10368	158	2532	2
10368	918	6734	0
10368	10367	2057	11
10368	2800	746	0
4936	4603	1995	0
4936	53	1109	0
4936	22	2987	0
4936	486	1521	0
4936	130	1180	0
4936	6207	1434	0
4936	4485	2011	0
2784	4799	271	0
2784	401	350	0
3756	3384	1221	0
3756	578	3281	0
3756	494	1651	3
3756	4879	1208	2
3756	1618	1303	0
3756	4989	1254	7
3756	241	3018	0
10374	956	1549	0
10374	1492	6988	0
10374	341	1102	0
10374	10393	530	0
10374	2800	681	0
10374	4958	6113	0
10374	2319	1625	0
10374	4956	6829	0
10374	1358	2693	0
10374	395	720	0
10374	10445	339	0
10374	4761	1422	0
10374	158	2673	0
10374	3813	1524	0
10374	11074	404	0
10374	1940	1129	0
10374	10731	437	0
10374	854	1354	0
10374	12835	10248	0
10374	918	6562	0
10374	5257	3056	0
10374	1948	1299	0
10374	4771	1003	0
10374	1394	6896	0
10374	4663	888	0
10374	1922	1451	0
10374	2562	404	0
39630	39619	201	0
39630	10147	162	0
39630	39622	277	0
39630	39584	757	0
39630	49920	1015	0
39630	4956	132	0
19048	2255	1203	0
19048	1201	1085	0
19048	4793	481	0
576	322	930	0
576	854	848	0
576	475	849	0
576	22	1732	0
576	4893	692	0
576	401	1077	0
576	346	1195	0
576	226	1047	0
576	4923	1028	0
576	241	3869	0
578	1766	747	0
578	111	868	0
578	4478	4065	0
578	6594	3856	0
578	4989	3563	0
578	521	5429	0
578	3229	1923	0
578	4738	3705	6
578	395	561	0
578	4559	1417	0
578	4902	717	0
578	116	2427	0
578	1201	800	0
578	457	2258	0
578	531	3267	0
578	4879	3751	0
578	4730	1728	9
578	247	4046	0
578	267	2529	0
578	1108	7652	0
578	3756	3281	0
578	4398	7199	0
38436	661	2525	0
38436	4771	5926	0
38436	756	554	0
1544	2	2993	0
39669	6756	1368	0
584	486	540	4
4985	4435	985	0
4985	22	732	0
585	221	2597	5
585	2255	2173	0
585	408	1759	0
585	116	2035	0
585	854	2004	0
585	281	1862	1
585	436	1814	0
1542	956	333	0
1542	341	1301	0
1542	2	2148	0
1542	14869	220	0
1542	1488	895	0
1542	2193	2111	0
1542	401	301	0
1542	3229	367	0
1542	552	7989	0
1542	4078	501	0
1542	947	356	0
1542	211	426	0
1542	4165	292	0
1542	10727	561	0
1542	918	7809	0
1542	3499	233	0
1542	1201	1600	0
1542	2631	1345	0
1542	1075	1944	0
1542	11096	426	0
1542	3379	272	0
1542	241	4044	0
588	211	318	2
4989	578	3563	0
4989	22	3183	0
4989	4879	669	1
4989	3756	1254	7
4989	241	2552	0
39648	5808	411	0
39648	914	364	0
12546	1247	105	0
12546	382	147	0
12546	552	585	0
10410	222	1027	1
10410	10393	702	151
10410	158	2466	12
10410	2800	879	0
10412	158	782	0
10412	19510	784	0
39452	10971	163	1
39452	854	8063	0
687	2	4082	0
687	854	2323	0
11295	956	514	0
11295	854	544	0
49980	1394	341	0
1766	578	747	0
1766	2	3357	0
1766	494	3046	1
1766	4994	286	0
680	205	981	2
680	1440	2853	0
680	854	5522	0
680	8704	567	0
680	918	11100	0
680	1108	825	0
10335	158	601	0
49968	1394	332	0
16936	1201	6833	0
12788	756	6980	0
49973	1394	296	0
3703	3018	398	1
3703	116	298	5
3703	101	2344	0
3703	5236	323	2
3703	3817	266	2
1773	956	521	0
1773	3870	663	2
1773	2	2310	0
1773	1075	2300	0
1773	483	669	0
3700	3813	1543	0
3700	11109	285	0
1776	2	3092	0
1786	2	3957	0
1786	49383	806	2
1786	49386	759	24
3682	956	194	0
3682	3870	341	0
3682	6139	405	0
3682	483	343	0
3682	4078	247	0
695	2	1322	0
695	14814	1300	0
695	6289	216	0
4994	35	1860	0
4994	854	1942	0
4994	1766	286	0
4994	4914	3492	0
4994	382	5554	0
4994	401	2137	0
4994	4771	527	0
4994	395	120	0
4994	4663	1178	0
4994	1359	383	0
4994	22	1027	0
4994	4517	1044	0
4994	756	5733	0
4994	211	1907	0
4994	241	3946	0
19096	8703	830	6
19096	4435	954	0
19096	401	816	1
19096	1394	7837	0
648	1174	2442	0
49938	2357	6900	0
49938	1474	369	0
49938	56332	124	8
49938	1394	180	0
10367	158	1425	1
10367	10368	2057	11
6139	19404	408	2
6139	116	511	7
6139	6116	435	11
6139	34352	2331	0
6139	3682	405	0
6139	350	485	1
6139	6155	1180	21
6139	5236	532	14
6139	1948	639	0
6139	3273	576	0
3667	3817	147	0
3667	211	345	12
668	854	1980	0
668	4279	2129	0
668	4771	3780	0
6116	6150	265	0
6116	6155	927	11
6116	6139	435	11
6116	5236	200	0
6116	6156	605	3
2562	854	1523	0
2562	10374	404	0
661	2	7064	0
661	38436	2525	0
661	446	6918	0
661	918	2799	0
661	382	2216	0
661	401	6821	0
661	4771	5383	0
661	39233	2220	0
661	4956	2491	0
661	379	2555	0
661	1394	2481	0
661	2050	2456	0
661	1201	5850	0
661	2357	6093	0
661	2798	5757	0
661	531	6869	0
661	22	5684	0
661	756	2216	0
661	2366	6097	0
661	241	5017	0
49920	41970	905	0
49920	10971	925	0
49920	10147	931	0
49920	2357	6804	0
49920	4770	1562	0
49920	39729	912	0
49920	10137	1417	0
49920	39630	1015	0
49920	1394	2010	0
19074	108117	162	8
19074	4956	311	0
1759	2	3032	0
1759	4771	1186	1
6038	4804	178	0
12722	395	6285	0
12722	38545	287	0
12722	4956	976	0
12722	1394	391	0
6046	486	298	3
6046	4804	301	0
11349	1479	3907	0
11349	1201	3536	0
11349	4435	3612	0
11349	854	2670	0
11349	2890	1808	0
11349	1618	442	0
11349	241	2194	0
741	3252	932	11
2685	3228	1098	9
3631	956	389	1
3631	11105	1574	0
3631	854	363	0
3631	10727	599	0
3631	401	304	0
3631	4771	2453	0
2657	1307	790	0
2657	111	3301	0
2657	401	2325	0
19177	1201	6813	0
19177	2027	115	0
19174	5406	5389	0
753	111	3421	0
1725	2	2015	0
1725	925	10099	0
1725	2193	1955	0
1725	49304	376	0
1725	914	1246	0
38545	12722	287	0
38545	1394	472	0
756	205	11263	0
756	956	7780	0
756	2	8709	0
756	11105	6376	0
756	1010	7018	0
756	12788	6980	0
756	401	7868	0
756	4958	278	0
756	4956	1410	0
756	552	449	0
756	395	5633	0
756	1594	6602	0
756	1174	7431	0
756	1108	11444	0
756	4994	5733	0
756	38436	554	0
756	444	6909	0
756	854	7665	0
756	1403	395	0
756	918	858	0
756	382	249	0
756	12692	2228	0
756	1394	613	0
756	1201	6332	0
756	53	8469	0
756	6756	7197	0
756	1075	5856	0
756	661	2216	0
756	776	6871	0
756	241	5540	0
19164	108342	2427	0
19164	6199	2181	0
1671	55195	107	13
1671	11957	269	0
1671	2	9127	0
1671	521	1405	0
1671	1394	279	0
19161	1200	2495	0
19161	918	9565	0
19161	1245	1462	0
19161	48473	244	0
19162	4088	999	0
19162	4517	1816	0
719	854	1890	0
19156	105847	2724	3
12692	1201	7725	0
12692	756	2228	0
728	956	1247	0
728	395	2261	0
728	341	2044	0
728	2	1412	0
728	6289	125	0
728	111	2366	0
728	401	1230	0
728	241	3267	0
2631	341	1198	0
2631	1542	1345	0
1695	12321	108	0
1695	2	2138	0
1695	226	463	0
1695	11019	450	0
1695	4663	1160	0
1695	1201	1608	0
1695	4761	126	0
1695	3935	211	0
1695	322	1306	0
1695	22	1968	0
1695	560	115	0
1695	267	497	0
1695	540	1721	0
1695	486	292	0
1695	4632	376	0
726	1201	6334	0
726	291	7134	0
726	4914	8772	0
726	111	6056	0
726	382	243	0
726	4958	273	0
726	1394	593	0
726	241	5543	0
2638	29286	483	7
2638	975	395	0
49824	4770	2463	0
819	3328	667	6
819	401	280	0
819	211	458	0
38741	124522	181	8
825	10727	346	1
825	111	2340	0
825	401	293	0
825	382	7612	0
825	241	4326	0
4078	956	415	1
4078	19585	279	1
4078	854	506	0
4078	3682	247	0
4078	1542	501	0
4078	4771	2464	0
4078	209	301	0
4078	241	4233	0
3006	531	943	0
4627	4781	1180	1
4627	4678	171	52
4627	4634	296	1
10708	10683	1270	15
4088	10731	777	0
4088	854	957	0
4088	19162	999	0
18415	291	8017	0
18415	854	8551	0
18415	1174	8246	0
18415	10624	2982	0
18415	1010	7902	0
18415	1394	304	0
2998	445	3309	0
4632	35	491	3
4632	854	373	0
4632	3813	1363	0
4632	381	474	0
4632	1695	376	0
4632	2319	573	0
4632	226	694	0
5717	956	537	0
5717	854	601	0
5717	4914	2031	0
5717	6220	2018	0
5717	2241	548	16
5717	4771	2353	0
5717	483	689	2
4634	4690	316	2
4634	4678	362	5
4634	4627	296	1
4634	947	532	0
5739	515	1302	6
5739	573	1335	5
5739	4216	648	14
4647	909	627	12
4647	4771	2612	0
41069	3245	791	1
10731	854	1175	0
10731	4088	777	0
10731	993	1065	0
10731	10374	437	0
10730	1075	2030	0
10730	11096	394	0
10730	1108	5925	0
786	956	2253	0
786	5556	3698	0
786	4793	480	0
786	540	1085	0
786	111	1151	0
786	401	2296	0
786	4771	613	0
10727	956	558	0
10727	10751	827	0
10727	3631	599	0
10727	1201	1824	0
10727	475	564	0
10727	1075	2208	0
10727	1542	561	0
10727	825	346	1
10727	4771	2449	0
10727	4956	8401	0
113659	113660	750	0
18399	17205	179	1
49804	1827	123	3
113660	113659	750	0
44200	3207	101	0
44200	1075	127	0
10751	2357	4622	0
10751	560	854	0
10751	10727	827	0
4663	8703	184	0
4663	4559	904	0
4663	4435	322	0
4663	854	1170	0
4663	1174	2688	0
4663	5808	383	0
4663	918	7018	0
4663	1695	1160	0
4663	4994	1178	0
4663	10374	888	0
4663	4771	1184	0
4657	3935	194	0
4657	486	282	0
4657	4806	404	0
25059	10911	269	0
25059	39746	302	1
25059	10928	614	0
25059	379	550	0
783	2	2773	0
783	19710	1302	0
4669	515	3016	0
4669	3440	1203	2
4669	4738	1195	1
776	395	3557	0
776	358	3249	0
776	341	3598	0
776	2	3206	0
776	2357	4744	0
776	1075	3634	0
776	842	3670	0
776	1010	3971	0
776	756	6871	0
776	1394	7294	0
55195	1671	107	13
12321	267	492	0
12321	1695	108	0
12321	486	305	0
12321	226	490	0
12321	4806	434	0
12321	11019	474	0
880	41970	234	0
880	2	8663	0
880	1468	237	0
880	39729	241	0
880	4956	232	0
880	241	5759	0
884	2	8915	0
887	2	10237	0
887	842	10730	0
4678	4690	242	3
4678	4781	1226	8
4678	4627	171	52
4678	267	478	1
4678	4738	2326	2
4678	4717	163	1
4678	4634	362	5
10624	4808	2999	0
10624	18415	2982	0
10624	164	3018	0
4686	6248	1521	0
865	5843	563	0
865	2255	3532	0
865	2	608	0
865	2357	3631	0
865	5556	1209	0
865	1108	4015	1
865	4517	3622	0
4690	5267	295	0
4690	4678	242	3
4690	3229	430	7
4690	4634	316	2
4690	2366	1656	5
49906	2357	6955	0
49906	1394	158	0
869	2	2484	0
869	1201	1639	0
869	854	1380	0
869	3137	124	0
34352	1479	254	1
34352	854	2043	0
34352	2361	113	0
34352	1351	1078	0
34352	6139	2331	0
49918	56332	152	50
49918	1394	240	0
874	341	924	0
874	1201	839	0
874	854	1947	0
874	842	527	0
874	4771	286	0
1827	205	568	0
1827	1440	2855	0
1827	2	3893	0
1827	8704	124	3
1827	531	4661	0
1827	1108	431	1
1827	111	7175	0
1827	49804	123	3
3018	490	341	1
3018	3817	332	9
3018	3703	398	1
854	18993	193	0
854	2	2129	0
854	2193	2091	0
854	552	7995	0
854	12876	1757	0
854	4078	506	0
854	10445	1301	0
854	1114	1160	0
854	22	1972	0
854	560	108	0
854	266	366	0
854	4088	957	0
854	1108	5770	0
854	18415	8551	0
854	4632	373	0
854	4874	2591	0
854	5717	601	0
854	10731	1175	0
854	19580	13355	0
854	1394	8248	0
854	532	8549	0
854	4663	1170	0
854	1384	7655	0
854	53	2328	0
854	1618	2433	0
854	1307	2333	0
854	341	1319	0
854	4958	7465	0
854	3229	388	0
854	620	10380	0
854	4956	8144	0
854	2255	1658	0
854	322	1308	0
854	1594	3251	0
854	869	1380	0
854	34352	2043	0
854	874	1947	0
854	2241	452	0
854	10374	1354	0
854	576	848	0
854	4165	298	0
854	5406	12102	0
854	3252	2418	0
854	111	2247	0
854	585	2004	0
854	3499	248	0
854	382	7479	0
854	1080	1195	0
854	6892	1374	0
854	112	305	0
854	1075	1957	0
854	39452	8063	0
854	956	340	0
854	687	2323	0
854	6195	2352	0
854	11295	544	0
854	680	5522	0
854	4542	1830	0
854	11109	378	0
854	401	307	0
854	2319	304	0
854	4738	2340	0
854	395	2050	0
854	1247	7443	0
854	4994	1942	0
854	2821	1095	0
854	444	1650	0
854	918	7814	0
854	914	1180	0
854	668	1980	0
854	2562	1523	0
854	11097	334	0
854	11096	428	0
854	6425	485	0
854	205	6128	0
854	14869	225	0
854	3340	131	0
854	11349	2670	0
854	1010	1565	0
854	468	307	0
854	469	1750	0
854	3631	363	0
854	1174	2143	0
854	756	7665	0
854	211	432	0
854	719	1890	0
854	2890	3491	0
854	2413	1870	0
854	5257	2283	0
854	38992	2036	0
854	1198	300	0
854	11019	446	0
854	1201	1611	0
854	1922	130	0
854	6756	1565	0
854	6220	1932	0
854	242	724	0
854	4547	1819	0
854	11032	775	0
854	3382	854	0
38706	1430	3165	0
38706	38878	4368	0
108117	19074	162	8
3010	4947	8216	0
28804	444	1176	0
28804	1075	180	0
49865	1388	336	5
4717	4678	163	1
3012	337	421	0
3012	6425	327	0
3012	486	481	0
3012	4517	2064	0
3012	4141	265	0
10683	10708	1270	15
10683	247	6955	0
10683	4535	2003	6
19285	4874	198	0
832	2	282	0
6892	854	1374	0
6892	1114	648	0
6892	918	6706	0
6892	4771	1610	0
836	2	683	0
836	11105	2697	0
836	6220	1085	0
842	2	3793	0
842	341	1157	0
842	1940	1442	0
842	887	10730	0
842	401	2099	0
842	4771	314	0
842	2319	2143	0
842	1201	880	0
842	2357	4903	0
842	2798	934	0
842	1174	3057	0
842	22	870	0
842	874	527	0
842	776	3670	0
4730	578	1728	9
4730	18190	1379	6
4730	19755	1148	0
4730	3229	1740	0
4730	521	6285	0
19294	108555	548	27
19294	19293	468	21
3999	395	495	0
3999	2049	10451	0
3999	1201	1195	0
19293	108555	135	0
19293	19294	468	21
10677	11957	402	0
10677	1394	526	0
956	2	2218	0
956	272	2849	0
956	11295	514	0
956	401	239	1
956	2319	193	0
956	552	8108	0
956	1773	521	0
956	4078	415	1
956	395	2178	0
956	22	2048	0
956	1114	1377	0
956	3682	194	0
956	1351	2531	0
956	3817	281	0
956	5717	537	0
956	24266	300	0
956	2822	1739	0
956	3914	291	0
956	8703	1432	0
956	2821	1314	0
956	786	2253	0
956	4914	2046	0
956	2714	338	0
956	10727	558	0
956	6289	1277	0
956	4771	2295	0
956	291	1518	0
956	53	2432	0
956	11096	363	0
956	1516	1470	0
956	475	331	0
956	1010	1600	0
956	3328	630	0
956	469	1858	0
956	3229	633	0
956	3631	389	1
956	2255	1751	0
956	323	228	0
956	1414	455	0
956	1594	3240	0
956	457	2313	0
956	1174	2226	0
956	2241	362	0
956	10374	1549	0
956	209	243	0
956	756	7780	0
956	19459	379	0
956	211	435	0
956	4165	198	0
956	4161	1813	0
956	854	340	0
956	381	340	0
956	1542	333	0
956	382	7597	0
956	728	1247	0
956	1201	1646	0
956	1922	284	0
956	1075	2067	0
956	3106	1817	0
956	242	691	0
956	11032	993	0
956	483	494	0
956	241	4186	0
4749	322	285	0
105847	19156	2724	3
17205	18399	179	1
38878	5406	4523	1
38878	1430	3346	1
38878	38706	4368	0
111565	111568	115	48
946	3914	789	0
946	2	2517	0
4738	4559	2996	0
4738	578	3705	6
4738	1201	3322	0
4738	854	2340	0
4738	4864	1754	0
4738	4678	2326	2
4738	918	8139	0
4738	244	1204	0
4738	4669	1195	1
947	5267	516	0
947	2255	1655	0
947	3935	475	11
947	6150	466	0
947	1948	375	0
947	1542	356	0
947	5169	2006	0
947	486	546	0
947	3229	640	0
947	226	698	0
947	4634	532	0
111568	111565	115	48
19385	2398	463	0
5843	865	563	0
5843	1940	2592	0
5843	4860	144	0
5843	6220	763	0
5843	4820	2996	0
4761	3340	176	0
4761	1075	1999	0
4761	11070	778	0
4761	1695	126	0
4761	10374	1422	0
939	39605	452	0
939	2	8518	0
103924	39619	105	128
14447	3574	1871	3
2027	2	9066	0
2027	19177	115	0
2027	1174	7812	0
2027	1513	225	0
4753	205	6797	0
4753	11074	270	0
4753	10393	419	0
4753	2357	4418	0
4753	322	145	0
4753	22	1349	0
4753	4923	288	1
24266	956	300	0
24266	341	1334	0
24266	1922	125	8
24266	2193	2104	0
14443	1492	290	0
2002	2	9262	0
2002	1513	315	0
2822	956	1739	0
3914	956	291	0
3914	2255	1749	0
3914	148	208	0
3914	4771	2351	0
3914	209	182	1
3914	946	789	0
3914	483	437	1
9651	291	773	0
8703	19096	830	6
8703	956	1432	0
8703	4663	184	0
8703	1148	216	1
8703	1080	196	0
8703	111	1564	0
8703	1010	753	0
8703	401	1411	0
8703	1274	834	0
39727	19860	176	9
39727	11105	3191	0
39727	1594	566	0
39727	19603	532	1
39727	4771	2455	0
39727	1394	7264	0
925	2428	365	0
925	1725	10099	0
2821	956	1314	0
2821	854	1095	0
2821	1174	2480	0
2821	446	2422	0
2821	1114	297	0
2821	401	1316	0
4781	4678	1226	8
4781	4627	1180	1
4781	401	1334	0
4781	4806	1372	0
918	2	8764	0
918	2204	1503	0
918	680	11100	0
918	401	8004	0
918	4738	8139	0
918	395	5934	0
918	1358	8027	0
918	4283	11461	0
918	158	8345	0
918	22	6409	0
918	1351	6084	0
918	4279	7245	0
918	1406	6098	0
918	914	7106	0
918	520	7273	0
918	1394	1356	0
918	2707	6049	0
918	4663	7018	0
918	1148	7015	0
918	291	7341	0
918	39584	2459	0
918	661	2799	0
918	2363	8445	0
918	39729	2050	0
918	4947	2048	0
918	14869	7660	0
918	39746	2023	0
918	1010	7236	0
918	4958	852	0
918	4956	2040	0
918	323	8051	0
918	1594	6870	0
918	10368	6734	0
918	5169	8799	0
918	10374	6562	0
918	4820	6477	0
918	756	858	0
918	211	7781	0
918	984	835	0
918	19161	9565	0
918	854	7814	0
918	4435	6779	0
918	2890	6672	0
918	5257	8690	0
918	1542	7809	0
918	382	913	0
918	379	2018	0
918	3870	7883	0
918	1201	6588	0
918	1080	7005	0
918	6752	1346	0
918	6892	6706	0
918	242	7663	0
918	3383	7720	0
918	241	5836	0
914	2	3107	0
914	1102	382	0
914	14869	1191	0
914	5556	3037	0
914	854	1180	0
914	19755	506	2
914	4467	2772	1
914	918	7106	0
914	3772	15746	0
914	4771	1351	0
914	4559	1102	0
914	39648	364	0
914	2255	982	2
914	1201	1314	0
914	4896	851	0
914	1174	2659	0
914	5808	638	1
914	1108	6763	0
914	124	2987	1
914	1725	1246	0
914	4517	1640	1
4770	39556	762	0
4770	10107	832	0
4770	2255	6899	0
4770	49824	2463	0
4770	18808	628	0
4770	49920	1562	0
4770	10137	1330	0
4770	4771	6125	0
4771	956	2295	0
4771	11957	5934	0
4771	3157	1810	0
4771	401	2349	0
4771	29175	7011	0
4771	552	5923	0
4771	4078	2464	0
4771	395	522	0
4771	3813	1524	0
4771	560	2251	0
4771	22	711	0
4771	4994	527	0
4771	4279	1777	0
4771	5717	2353	0
4771	3914	2351	0
4771	4647	2612	0
4771	39727	2455	0
4771	444	1433	0
4771	786	613	0
4771	10727	2449	0
4771	19710	2096	0
4771	914	1351	0
4771	4770	6125	0
4771	668	3780	0
4771	532	6497	0
4771	4663	1184	0
4771	291	1610	0
4771	2357	4951	0
4771	4896	694	0
4771	53	3889	0
4771	661	5383	0
4771	1516	2869	0
4771	1759	1186	1
4771	205	7872	0
4771	1153	1014	0
4771	341	1098	0
4771	3772	15112	0
4771	3229	1916	0
4771	4956	6313	0
4771	3631	2453	0
4771	2255	934	0
4771	322	1158	0
4771	1594	2189	0
4771	1174	3157	0
4771	874	286	0
4771	3074	1371	0
4771	4819	3706	0
4771	10374	1003	0
4771	211	2159	0
4771	1940	1358	0
4771	38436	5926	0
4771	4435	942	0
4771	381	2234	0
4771	5257	4053	0
4771	976	1753	0
4771	382	5446	0
4771	5267	2267	0
4771	1201	769	0
4771	1922	2275	0
4771	6892	1610	0
4771	842	314	0
4771	486	2287	0
11556	1358	3022	0
11556	2255	840	0
11556	4517	1098	0
43122	1940	2511	0
4799	2784	271	0
909	4647	627	12
909	1075	1886	0
909	469	1803	0
3935	4657	194	0
3935	5189	1395	0
3935	1948	222	0
3935	1695	211	0
3935	486	365	0
3935	11019	556	0
3935	947	475	11
10610	164	343	0
12505	1394	11984	0
4793	786	480	0
4793	22	1009	0
4793	1108	7844	0
4793	19048	481	0
905	2	6068	0
905	1010	3333	0
4792	209	1091	1
39729	880	241	0
39729	11105	6873	0
39729	2204	1442	0
39729	19580	9332	0
39729	918	2050	0
39729	49920	912	0
898	2	310	0
898	53	278	0
898	111	3437	0
898	2363	363	0
4785	241	5381	0
4808	10624	2999	0
1019	119	2515	0
1019	222	1961	0
1019	5556	2545	0
1019	521	6384	0
8606	135	1244	2
1970	2	5291	0
1970	1430	8974	0
4815	4542	988	0
4815	111	3490	0
39746	25059	302	1
39746	918	2023	0
1010	1153	873	0
1010	956	1600	0
1010	341	1090	0
1010	2	3688	0
1010	401	1562	0
1010	469	3302	0
1010	552	7313	0
1010	395	1765	0
1010	2255	1072	0
1010	222	2077	0
1010	1174	3068	0
1010	1114	1583	0
1010	22	1720	0
1010	1108	7303	0
1010	18415	7902	0
1010	756	7018	0
1010	8703	753	0
1010	1940	1988	0
1010	444	422	0
1010	854	1565	0
1010	1403	7341	0
1010	446	3205	0
1010	381	1460	0
1010	918	7236	0
1010	43679	334	0
1010	111	2002	0
1010	4496	136	0
1010	382	6874	0
1010	436	688	0
1010	1394	7611	0
1010	119	1237	0
1010	3180	1254	0
1010	1201	1516	0
1010	1384	7014	0
1010	1922	1581	0
1010	905	3333	0
1010	18478	233	0
1010	2211	1764	0
1010	1075	1304	0
1010	776	3971	0
1010	241	4864	0
4804	6038	178	0
4804	6046	301	0
4804	486	439	0
39750	2050	484	0
39750	2357	7065	0
39750	19580	10309	0
39750	4956	1298	0
39750	1394	127	0
4806	12321	434	0
4806	4781	1372	0
4806	475	395	0
4806	4657	404	0
4806	267	691	0
4806	1948	429	0
4806	486	561	0
4806	226	767	0
4806	11019	717	0
10511	6220	680	0
39770	29557	1674	1
39770	1201	6461	0
993	1153	361	0
993	2	3369	0
993	10731	1065	0
993	1488	1021	0
4819	4900	7942	0
4819	4466	1036	0
4819	6756	2780	0
4819	4879	788	0
4819	4771	3706	0
4819	241	2717	0
4820	5843	2996	0
4820	1940	3638	0
4820	1201	3946	0
4820	4435	4028	0
4820	4860	2940	0
4820	918	6477	0
3888	2255	1770	2
3888	4141	468	13
124522	38741	181	8
984	1201	6307	0
984	1174	7409	0
984	918	835	0
984	382	224	0
984	241	5519	0
984	211	7604	0
1940	2	2704	0
1940	272	2922	0
1940	4435	1507	0
1940	446	2562	0
1940	4542	2524	0
1940	976	1458	0
1940	1010	1988	0
1940	469	2431	0
1940	4771	1358	0
1940	43122	2511	0
1940	1394	7225	0
1940	532	7523	0
1940	5843	2592	0
1940	291	2016	0
1940	1201	1550	0
1940	3813	1990	0
1940	4860	2587	0
1940	842	1442	0
1940	1075	1311	0
1940	10374	1129	0
1940	4820	3638	0
1940	241	3923	0
19404	350	116	7
19404	6155	914	3
19404	6139	408	2
19404	1948	347	0
8626	1388	553	44
2890	1201	3964	0
2890	854	3491	0
2890	1174	3301	0
2890	1075	4023	0
2890	918	6672	0
2890	11349	1808	0
2890	3446	2122	0
2890	241	3109	0
976	10445	721	0
976	1940	1458	0
976	4771	1753	0
976	226	1517	0
976	241	3577	0
1948	2	2152	0
1948	19404	347	0
1948	337	460	0
1948	6139	639	0
1948	3499	256	0
1948	469	1770	0
1948	3395	933	0
1948	3229	391	0
1948	4806	429	0
1948	947	375	0
1948	1201	1590	0
1948	3935	222	0
1948	1922	166	0
1948	2727	163	0
1948	11070	764	0
1948	6155	1017	0
1948	486	309	0
1948	11032	779	0
1948	10374	1299	0
1948	241	4012	0
3842	211	464	2
4858	18808	2252	0
4858	39612	2502	0
4858	39561	2373	0
4858	379	2417	0
3870	4165	346	1
3870	141	558	6
3870	4914	2169	0
3870	313	2223	0
3870	918	7883	0
3870	1773	663	2
3870	2255	1750	0
3870	1201	1661	0
3870	323	376	1
3870	112	343	3
3870	3682	341	0
3870	209	388	1
3870	483	626	2
3870	3383	657	0
3870	211	585	1
6752	19768	396	0
6752	531	8759	0
6752	918	1346	0
5812	5230	279	2
5812	116	346	50
5812	5236	374	24
5812	633	1077	11
5812	148	311	0
5812	4501	1945	0
18190	19755	750	0
18190	4730	1379	6
18190	486	1409	3
975	29286	419	0
975	2363	2980	0
975	2638	395	0
1923	2	3142	0
1922	956	284	0
1922	551	110	0
1922	2	2125	0
1922	475	117	0
1922	854	130	0
1922	3340	174	0
1922	1010	1581	0
1922	1948	166	0
1922	4771	2275	0
1922	1394	8344	0
1922	1201	1635	0
1922	491	114	0
1922	1174	2154	0
1922	10374	1451	0
1922	24266	125	8
6756	4900	7163	0
6756	1440	4067	0
6756	1201	1913	0
6756	854	1565	0
6756	39669	1368	0
6756	1075	1803	0
6756	1108	5995	0
6756	4819	2780	0
6756	756	7197	0
6756	241	4101	0
5808	4663	383	0
5808	39648	411	0
5808	4435	628	0
5808	540	860	0
5808	1274	1061	1
5808	914	638	1
4860	1153	3154	0
4860	5843	144	0
4860	1940	2587	0
4860	11105	2792	0
4860	1201	3301	0
4860	22	3412	0
4860	401	1968	0
4860	4820	2940	0
4860	1394	9326	0
4855	4368	713	0
4855	2255	3227	0
4855	408	3364	0
4855	460	3056	0
4855	444	3335	0
4855	540	3408	0
48473	19161	244	0
2909	4435	351	0
