776	2810	0.0928618	0.0186109	4.98965	1	0.0928618	1.00000	0
776	401	2.16263	0.529134	4.08712	1	2.16263	1.00000	0
776	573	0.316482	0.129206	2.44945	1	0.316482	1.00000	0
776	14446	0.0912378	0.0186109	4.90239	1	0.0912378	1.00000	0
776	113789	2.33043	0.605160	3.85093	1	2.33043	1.00000	0
10971	2398	0.704936	0.209987	3.35705	1	0.704936	1.00000	1
10971	39556	1.94279	0.942974	4.12057	2	1.91528	1.97797	1
10971	175	1.50870	0.799541	1.88696	1	1.50870	1.00000	1
10971	39613	0.656641	0.333334	1.96992	1	0.656641	1.00000	0
10971	10928	0.0965216	0.0457955	2.10767	1	0.0965216	1.00000	1
10971	39452	1.15723	0.528749	4.37724	2	0.549160	1.16650	1
18931	4956	0.115754	0.0661520	1.74982	1	0.115754	1.00000	0
18931	39561	1.09738	0.579497	1.89368	1	1.09738	1.00000	0
18931	1400	1.29693	0.328690	3.94576	1	1.29693	1.00000	0
18931	175	0.539226	0.370481	1.45548	1	0.539226	1.00000	0
18931	39619	0.706847	0.247848	2.85194	1	0.706847	1.00000	0
620	12835	2.87274	0.712687	4.03086	1	2.87274	1.00000	1
49918	39750	1.04633	0.333334	3.13899	1	1.04633	1.00000	0
2	1174	0.917841	0.186936	4.90993	1	0.917841	1.00000	1
2	1146	0.879528	0.186936	4.70497	1	0.879528	1.00000	1
19096	588	4.45939	4.14816	11.8253	11	0.317639	1.74087	0
19096	3756	5.97109	4.68094	12.7562	10	0.617211	1.68503	0
19096	2810	4.18618	2.66439	9.42697	6	0.570731	1.50305	0
19096	19404	0.466392	0.250001	1.86556	1	0.466392	1.00000	0
19096	401	3.06589	1.62085	11.3492	6	0.683814	1.68524	1
19096	350	0.673241	0.442847	4.56077	3	0.400678	1.20897	0
19096	521	2.25619	1.04419	6.48210	3	1.29113	1.41395	0
19096	267	0.0603047	0.0441943	1.36454	1	0.0603047	1.00000	0
19096	4794	4.43621	4.27413	13.4930	13	0.359997	1.54724	0
19096	4879	0.225091	0.101083	4.45360	2	0.117160	1.17745	0
19096	4678	8.95601	4.78872	16.8321	9	0.734863	1.66606	0
19096	18352	0.358867	0.0894755	4.01079	1	0.358867	1.00000	0
19096	11096	0.0993607	0.0565936	1.75569	1	0.0993607	1.00000	0
19096	490	5.68513	3.63374	12.5163	8	1.12494	1.56999	0
19096	211	1.40840	1.24236	5.66827	5	0.355086	1.34842	0
19096	460	0.0767530	0.0314596	2.43973	1	0.0767530	1.00000	0
19096	515	0.951745	0.746284	3.82594	3	0.357151	1.66017	0
695	728	2.08672	0.529134	3.94365	1	2.08672	1.00000	0
695	10812	0.0882298	0.0193015	4.57112	1	0.0882298	1.00000	0
22	3236	0.167400	0.0337968	4.95315	1	0.167400	1.00000	0
22	2810	1.16837	0.431336	5.41744	2	0.0905579	1.02314	0
22	3158	0.222681	0.0398143	5.59299	1	0.222681	1.00000	0
22	19378	0.0692281	0.0240082	2.88352	1	0.0692281	1.00000	0
22	211	0.998881	0.407328	2.45228	1	0.998881	1.00000	0
53	5604	1.31839	0.250001	5.27353	1	1.31839	1.00000	1
53	2798	0.486522	0.142857	3.40565	1	0.486522	1.00000	0
53	3328	0.0866852	0.0245545	3.53032	1	0.0866852	1.00000	0
53	10467	0.297513	0.115356	2.57908	1	0.297513	1.00000	0
53	486	0.383288	0.109461	3.50160	1	0.383288	1.00000	0
53	457	2.22215	0.500000	4.44429	1	2.22215	1.00000	0
53	4738	0.998716	0.406420	2.45735	1	0.998716	1.00000	0
53	4864	0.475268	0.142857	3.32688	1	0.475268	1.00000	0
53	633	0.333291	0.109461	3.04485	1	0.333291	1.00000	0
1174	2798	0.331791	0.0701591	4.72912	1	0.331791	1.00000	1
1174	1146	0.900307	0.186936	4.81613	1	0.900307	1.00000	0
1174	4794	0.0942177	0.0249331	3.77882	1	0.0942177	1.00000	0
1174	3631	0.893548	0.142857	6.25484	1	0.893548	1.00000	0
1174	3165	0.874856	0.200000	4.37429	1	0.874856	1.00000	0
1174	4738	0.319934	0.0811440	3.94279	1	0.319934	1.00000	0
1174	6278	0.0649389	0.0193015	3.36444	1	0.0649389	1.00000	0
1174	19755	0.0779180	0.0193015	4.03688	1	0.0779180	1.00000	0
576	3756	0.112087	0.0340785	3.28909	1	0.112087	1.00000	0
576	2810	0.0791458	0.0240082	3.29661	1	0.0791458	1.00000	0
576	534	0.416786	0.316928	1.31508	1	0.416786	1.00000	0
576	531	0.375398	0.0954366	7.86696	2	0.158162	1.22681	0
576	4390	0.103465	0.0240082	4.30958	1	0.103465	1.00000	0
578	4730	14.6517	2.92703	60.0678	12	4.92658	3.83725	1
578	4738	11.1264	2.54289	39.3795	9	4.22125	3.38969	1
578	3228	4.07556	1.22614	19.9433	6	0.976619	1.38898	0
578	2685	3.35563	1.00564	16.6840	5	0.746648	1.26326	0
11067	10812	0.332197	0.0731217	4.54307	1	0.332197	1.00000	0
11067	4141	0.252727	0.111459	2.26745	1	0.252727	1.00000	0
756	1384	3.04792	0.955620	3.18946	1	3.04792	1.00000	1
472	3328	0.0741929	0.0264465	2.80539	1	0.0741929	1.00000	0
472	10467	509.763	80.8960	1216.18	193	121.644	45.1717	1
472	29557	0.261667	0.115356	2.26834	1	0.261667	1.00000	0
472	4864	0.282104	0.109461	2.57721	1	0.282104	1.00000	0
472	4815	0.0878486	0.0193015	4.55137	1	0.0878486	1.00000	0
472	1120	0.322729	0.129733	2.48765	1	0.322729	1.00000	0
472	633	0.249400	0.109461	2.27844	1	0.249400	1.00000	0
472	460	0.0823820	0.0193015	4.26816	1	0.0823820	1.00000	0
472	6278	0.192653	0.109461	1.76002	1	0.192653	1.00000	0
1695	3439	0.0956420	0.0186109	5.13904	1	0.0956420	1.00000	0
19177	19955	1.66408	0.885169	3.75991	2	1.66403	1.99994	0
588	1108	0.0551019	0.0240082	2.29513	1	0.0551019	1.00000	0
588	3756	1.61413	1.32840	7.29053	6	0.319972	1.55335	0
588	337	6.98484	4.70547	19.2973	13	1.06898	1.75764	0
588	2810	2.77183	1.97778	11.2119	8	0.710579	2.02453	0
588	19404	1.14779	0.624448	5.51426	3	0.781350	2.05007	0
588	401	4.82028	1.71244	25.3337	9	3.57293	3.69710	1
588	350	3.39714	0.931447	14.5887	4	3.03858	3.64678	0
588	4989	1.25699	0.846223	7.42705	5	0.234016	1.54867	0
588	267	1.68372	0.908545	9.26602	5	1.32776	3.51304	0
588	6156	0.0409661	0.0240082	1.70634	1	0.0409661	1.00000	0
588	573	0.203862	0.129206	1.57781	1	0.203862	1.00000	0
588	18898	0.184811	0.116810	1.58216	1	0.184811	1.00000	0
588	4794	1.81109	1.89731	5.72733	6	0.232435	1.52648	0
588	4879	0.371413	0.126880	8.78186	3	0.250723	1.28270	0
588	3155	2.62440	0.534473	4.91025	1	2.62440	1.00000	0
588	4678	2.95513	2.08632	11.3315	8	1.57832	1.72461	0
588	4804	3.25046	1.77775	9.14208	5	0.357564	1.40633	0
588	19378	0.142257	0.0720246	5.92537	3	0.0664896	1.40217	0
588	3574	5.40856	6.77474	8.78177	11	4.92153	10.1857	0
588	11096	0.0710136	0.0421572	1.68450	1	0.0710136	1.00000	0
588	490	1.64086	1.02524	8.00236	5	0.575922	1.65412	0
588	4141	0.245008	0.113187	4.32926	2	0.131132	1.07043	0
588	211	2.26131	1.72399	11.8051	9	0.263232	1.53763	1
588	460	0.0563937	0.0240082	2.34893	1	0.0563937	1.00000	0
588	4690	0.167065	0.0751274	2.22376	1	0.167065	1.00000	0
588	15505	0.655653	0.333334	1.96695	1	0.655653	1.00000	0
588	515	0.356209	0.285385	3.74451	3	0.278879	2.17534	0
680	205	3.76670	1.70598	6.62384	3	3.57246	2.90378	1
680	49804	1.04638	0.414404	2.52503	1	1.04638	1.00000	0
680	4738	0.0885690	0.0193015	4.58870	1	0.0885690	1.00000	0
1198	18898	0.686610	0.250001	2.74643	1	0.686610	1.00000	0
1198	323	0.283516	0.0642297	4.41410	1	0.283516	1.00000	0
819	842	0.842085	0.333334	2.52625	1	0.842085	1.00000	0
819	3328	16.9818	2.69334	44.1358	7	15.1704	6.44689	1
819	267	0.673473	0.220754	6.10156	2	0.599041	1.79298	0
819	956	0.363145	0.102903	3.52901	1	0.363145	1.00000	0
819	10837	0.287745	0.117851	2.44159	1	0.287745	1.00000	0
819	10812	1.00694	0.370730	2.71610	1	1.00694	1.00000	0
819	2319	0.342640	0.102903	3.32975	1	0.342640	1.00000	0
819	323	0.347161	0.117851	2.94575	1	0.347161	1.00000	0
819	5236	0.354039	0.117851	3.00411	1	0.354039	1.00000	0
491	551	31.8814	6.06216	105.182	20	22.9630	14.3741	1
491	2810	0.331549	0.195665	1.69447	1	0.331549	1.00000	0
491	350	0.438627	0.129206	3.39480	1	0.438627	1.00000	0
491	3340	2.37437	0.516519	9.19375	2	2.36829	1.96824	1
491	267	0.437644	0.129206	3.38719	1	0.437644	1.00000	0
1108	3756	0.181093	0.0660702	5.48183	2	0.141717	1.27394	0
1108	2810	0.0645603	0.0240082	2.68909	1	0.0645603	1.00000	0
1108	1827	0.558424	0.278864	2.00249	1	0.558424	1.00000	1
1108	4989	1.09302	0.191798	17.0964	3	0.295972	1.20224	0
1108	267	0.117354	0.0462840	2.53552	1	0.117354	1.00000	0
1108	6156	0.205652	0.0682025	6.03062	2	0.104422	1.24036	0
1108	205	1.70522	0.786841	4.33434	2	1.70522	2.00000	1
1108	573	0.0738188	0.0240082	3.07473	1	0.0738188	1.00000	0
1108	4879	0.0821858	0.0240082	3.42324	1	0.0821858	1.00000	0
1108	4368	0.198728	0.0441943	4.49670	1	0.198728	1.00000	0
1108	4283	0.452901	0.197014	2.29883	1	0.452901	1.00000	1
1108	4678	0.220044	0.0744119	2.95712	1	0.220044	1.00000	0
1108	124	0.162683	0.0441943	3.68109	1	0.162683	1.00000	0
1108	19378	0.0785144	0.0240082	3.27032	1	0.0785144	1.00000	0
1108	1388	0.130625	0.0249331	5.23903	1	0.130625	1.00000	0
1108	3574	0.0588854	0.0240082	2.45272	1	0.0588854	1.00000	0
1108	490	0.125488	0.0462840	2.71127	1	0.125488	1.00000	0
1108	1773	0.0802616	0.0240082	3.34309	1	0.0802616	1.00000	0
1108	3400	0.528055	0.0964317	5.47595	1	0.528055	1.00000	1
19194	109236	0.278228	0.118948	2.33908	1	0.278228	1.00000	0
551	2810	0.737564	0.371267	1.98662	1	0.737564	1.00000	0
551	3340	8.61847	1.69509	25.4218	5	6.57291	4.15269	1
551	3476	0.586759	0.150500	3.89872	1	0.586759	1.00000	0
19456	5479	2.05482	0.918785	4.47290	2	2.05267	1.99809	0
3756	337	2.87736	1.91104	10.5396	7	0.404668	1.67815	0
3756	2810	0.287102	0.175541	6.54211	4	0.0866509	1.39430	0
3756	19404	0.303271	0.132017	6.89162	3	0.145758	1.15067	0
3756	401	1.19426	0.700435	6.82012	4	0.365900	1.78556	0
3756	350	0.277203	0.195872	2.83044	2	0.220259	1.39645	0
3756	521	0.518333	0.0915998	11.3173	2	0.436731	1.42162	0
3756	4989	16.2542	4.19757	38.7229	10	11.9344	8.02889	1
3756	267	2.58957	0.524933	9.86630	2	1.40153	1.51834	0
3756	4794	1.43889	1.18469	4.85826	4	0.624673	1.50801	0
3756	4879	0.0730855	0.0314596	2.32315	1	0.0730855	1.00000	1
3756	4804	1.08377	0.531460	4.07846	2	0.398821	1.32823	0
3756	4318	1.87882	0.432805	17.3641	4	0.376085	1.38178	0
3756	19378	2.87878	0.524933	10.9682	2	2.78464	1.31150	0
3756	1388	4.39444	0.805223	38.2020	7	0.823226	1.97997	0
3756	11096	0.153367	0.0806018	3.80556	2	0.102930	1.53162	0
3756	490	1.10367	0.625190	7.06132	4	0.233718	1.47345	0
3756	211	1.07624	0.817613	6.58161	5	0.153294	1.32828	0
3756	460	0.0614137	0.0240082	2.55803	1	0.0614137	1.00000	0
3756	515	0.945011	0.647719	4.37695	3	0.216648	1.18320	0
337	401	2.40814	1.27534	11.3294	6	0.743011	1.37059	0
337	350	0.0658836	0.0441943	1.49077	1	0.0658836	1.00000	0
337	4989	1.48935	0.794010	7.50291	4	0.406817	1.49022	0
337	4794	3.61349	2.57585	11.2227	8	0.399445	1.53525	0
337	4879	0.171202	0.0666667	2.56803	1	0.171202	1.00000	0
337	486	1.07679	0.639554	6.73465	4	0.519411	1.38405	1
337	1388	1.63327	0.785700	10.3937	5	0.484603	1.57069	0
337	11096	0.127820	0.0678178	1.88476	1	0.127820	1.00000	0
337	490	1.53834	0.916074	11.7549	7	0.463099	1.71336	0
337	211	2.97047	2.15471	6.89299	5	1.51794	1.36695	0
337	5236	1.41086	0.289483	4.87373	1	1.41086	1.00000	0
2810	19404	0.550673	0.250001	2.20268	1	0.550673	1.00000	0
2810	4989	2.00022	0.697726	14.3338	5	0.649414	1.67568	0
2810	267	0.0421225	0.0240082	1.75450	1	0.0421225	1.00000	0
2810	6156	0.0504245	0.0240082	2.10030	1	0.0504245	1.00000	0
2810	18898	0.149962	0.0366021	4.09708	1	0.149962	1.00000	0
2810	4794	2.26094	1.58135	7.14877	5	0.725115	1.86675	0
2810	4879	1.19958	0.474009	7.59211	3	0.230810	1.32823	0
2810	4678	1.44525	0.796544	9.07201	5	0.201231	1.35777	0
2810	486	0.397821	0.108106	3.67991	1	0.397821	1.00000	0
2810	4804	1.31192	0.583335	4.49799	2	0.872282	1.21808	0
2810	4717	1.09415	0.228953	4.77894	1	1.09415	1.00000	0
2810	4318	0.729704	0.323153	6.77423	3	0.432105	1.27486	0
2810	19378	3.66605	1.44117	12.7190	5	0.598839	1.54400	0
2810	3229	0.0684998	0.0240082	2.85318	1	0.0684998	1.00000	0
2810	531	1.60917	0.690676	9.31940	4	0.314717	1.37922	0
2810	11096	0.0499001	0.0240082	2.07846	1	0.0499001	1.00000	0
2810	490	1.81133	0.955052	9.48291	5	0.269293	1.48970	0
2810	460	0.0658521	0.0240082	2.74290	1	0.0658521	1.00000	0
2810	4690	1.18062	0.386114	6.11539	2	1.18062	2.00000	0
2810	515	0.288179	0.173017	4.99685	3	0.0790578	1.32479	0
39579	939	0.111157	0.0457955	2.42726	1	0.111157	1.00000	0
6207	130	57.3517	9.70386	130.024	22	21.4030	7.89844	1
39729	111011	1.73570	1.49356	2.32425	2	0.944927	1.17134	0
3486	16936	0.427836	0.0981224	4.36023	1	0.427836	1.00000	0
3486	3003	0.639761	0.113473	5.63800	1	0.639761	1.00000	0
5604	457	0.374808	0.190796	1.96444	1	0.374808	1.00000	0
19404	350	14.1982	3.18574	40.1111	9	8.41764	5.31603	1
19404	1766	0.194699	0.0678178	2.87092	1	0.194699	1.00000	0
19404	267	3.56103	1.30442	10.9199	4	3.43657	3.86054	0
19404	4794	0.219546	0.125000	1.75636	1	0.219546	1.00000	0
19404	6155	3.59149	0.611413	11.7482	2	3.59149	2.00000	1
19404	4678	0.146131	0.0661654	4.41715	2	0.117331	1.45685	0
19404	4804	0.0633515	0.0240082	2.63875	1	0.0633515	1.00000	0
19404	460	0.0758935	0.0240082	3.16115	1	0.0758935	1.00000	0
19404	5236	1.80992	0.637224	5.68064	2	1.80843	1.99747	0
1404	1080	6.39839	1.05658	12.1116	2	6.37074	1.99087	0
401	350	2.18055	0.679079	16.0552	5	2.06935	4.21651	1
401	4989	1.80061	0.894540	10.0644	5	0.282379	1.69917	0
401	1766	0.366063	0.143088	7.67491	3	0.119260	1.36255	0
401	267	2.04689	0.662887	21.6149	7	0.768049	3.54055	1
401	956	0.450148	0.125000	3.60118	1	0.450148	1.00000	1
401	573	0.717677	0.208138	10.3443	3	0.508326	2.21070	0
401	18898	1.48349	0.237377	12.4990	2	0.451007	1.00874	0
401	19585	1.77293	0.606287	2.92424	1	1.77293	1.00000	0
401	4368	0.162090	0.0441943	3.66767	1	0.162090	1.00000	0
401	3155	0.859274	0.291047	2.95235	1	0.859274	1.00000	0
401	4678	4.78002	2.18929	17.4670	8	0.852068	1.65558	0
401	486	1.01748	0.544194	3.73940	2	0.967127	1.39063	0
401	4804	0.257987	0.111080	4.64505	2	0.0962968	1.20045	0
401	4318	0.850466	0.364794	4.66272	2	0.284460	1.27166	0
401	323	0.151325	0.0478741	3.16089	1	0.151325	1.00000	1
401	124	0.218501	0.0714284	3.05902	1	0.218501	1.00000	0
401	19378	2.03650	0.711352	11.4514	4	1.49573	1.48855	0
401	1388	3.04602	1.18705	10.2641	4	1.53095	1.49517	0
401	3574	0.697383	0.421756	4.96057	3	0.660150	2.49048	0
401	490	5.22806	1.78945	20.4512	7	1.66803	2.78583	0
401	4141	0.216641	0.0806018	5.37560	2	0.0913547	1.17635	0
401	211	1.82036	1.15278	7.89550	5	0.469153	1.63949	1
401	3667	0.174042	0.0478741	3.63542	1	0.174042	1.00000	0
401	5236	2.18385	0.832005	7.87440	3	2.12260	2.68302	0
401	515	2.37443	0.755154	22.0101	7	0.550917	2.69678	0
111565	118351	16.5503	5.82650	31.2457	11	9.19072	6.17365	1
976	783	1.07701	0.407328	2.64409	1	1.07701	1.00000	0
3295	2305	0.693706	0.159714	4.34342	1	0.693706	1.00000	0
3295	457	0.134338	0.0386774	3.47330	1	0.134338	1.00000	0
3295	633	0.0932599	0.0264465	3.52636	1	0.0932599	1.00000	0
350	521	3.06936	1.40078	21.9118	10	1.11622	3.69915	1
350	267	117.969	32.9329	483.583	135	36.2293	44.2051	1
350	6156	0.106596	0.0337454	3.15883	1	0.106596	1.00000	0
350	3273	7.94323	1.97857	20.0732	5	7.94320	4.99999	1
350	573	8.82358	2.87772	70.5218	23	4.53346	12.0431	1
350	10368	0.113784	0.0249331	4.56357	1	0.113784	1.00000	0
350	10812	0.859176	0.326221	5.26744	2	0.859176	2.00000	0
350	3155	0.264347	0.129206	2.04594	1	0.264347	1.00000	0
350	4678	1.46017	0.794195	5.51564	3	1.03852	1.42614	0
350	2319	0.318029	0.122683	2.59228	1	0.318029	1.00000	0
350	486	0.239536	0.173400	2.76281	2	0.200477	1.36022	0
350	124	0.756055	0.333300	4.53679	2	0.756055	2.00000	0
350	19378	0.539094	0.225234	4.78697	2	0.501533	1.37812	0
350	3574	0.0494712	0.0441943	1.11940	1	0.0494712	1.00000	0
350	531	0.235143	0.108567	4.33174	2	0.190645	1.18583	0
350	11096	0.593402	0.340050	5.23513	3	0.364875	1.93992	0
350	490	0.573105	0.321519	5.34747	3	0.191540	1.42365	0
350	4141	0.657445	0.253018	7.79524	3	0.246575	1.66901	0
350	211	0.594405	0.402763	4.42746	3	0.516473	1.38710	1
350	5236	0.982342	0.417322	7.06175	3	0.982341	3.00000	0
350	4690	0.110060	0.0441943	2.49037	1	0.110060	1.00000	0
350	515	27.2195	9.85368	196.128	71	11.3781	29.1384	1
18584	521	1.37508	0.353554	3.88932	1	1.37508	1.00000	0
18584	4535	1.16334	0.429332	5.41931	2	0.630612	1.06373	0
16936	105758	1.94202	0.453723	4.28019	1	1.94202	1.00000	0
3252	3129	0.0872035	0.0192437	4.53153	1	0.0872035	1.00000	0
105286	106155	0.876873	0.556575	1.57548	1	0.876873	1.00000	0
1827	49804	4.45911	1.72717	10.3270	4	3.54796	3.27112	1
1403	38201	3.99765	0.956439	4.17972	1	3.99765	1.00000	1
1265	113789	0.676709	0.238513	2.83720	1	0.676709	1.00000	0
786	10812	0.108953	0.0249331	4.36981	1	0.108953	1.00000	0
19294	108555	29.3900	13.7157	62.1410	29	10.5127	10.1257	1
39612	118351	1.52377	0.336015	4.53484	1	1.52377	1.00000	0
2798	3463	0.0800302	0.0193015	4.14631	1	0.0800302	1.00000	0
2798	1146	0.106831	0.0258276	4.13631	1	0.106831	1.00000	0
2798	3229	0.481633	0.140318	6.86487	2	0.481633	2.00000	0
2798	633	0.458728	0.142857	3.21110	1	0.458728	1.00000	0
2798	6278	0.376351	0.142857	2.63446	1	0.376351	1.00000	0
4302	3440	0.980707	0.175875	5.57615	1	0.980707	1.00000	0
4302	177	0.935500	0.823059	4.54645	4	0.822793	2.88122	1
4302	5808	0.0856428	0.0193015	4.43710	1	0.0856428	1.00000	0
4302	633	0.0903781	0.0193015	4.68243	1	0.0903781	1.00000	0
4302	4390	0.0814600	0.0193015	4.22039	1	0.0814600	1.00000	0
10731	1180	0.0729126	0.0186109	3.91774	1	0.0729126	1.00000	0
10731	1352	2.69097	0.529134	5.08562	1	2.69097	1.00000	0
10731	515	0.0821443	0.0186109	4.41378	1	0.0821443	1.00000	0
3463	3440	0.223125	0.0613703	3.63572	1	0.223125	1.00000	0
3463	10368	0.0815583	0.0193015	4.22548	1	0.0815583	1.00000	0
3463	4368	0.219001	0.107355	2.03996	1	0.219001	1.00000	0
3463	124	0.0611073	0.0193015	3.16593	1	0.0611073	1.00000	0
3463	5556	0.522301	0.212284	2.46039	1	0.522301	1.00000	0
3463	6278	0.0627940	0.0193015	3.25332	1	0.0627940	1.00000	0
130	4855	0.578395	0.333334	1.73518	1	0.578395	1.00000	0
130	221	0.208682	0.0681183	3.06353	1	0.208682	1.00000	0
2366	12788	1.33269	0.346158	3.84995	1	1.33269	1.00000	0
2366	175	2.51025	0.500000	5.02050	1	2.51025	1.00000	0
2366	19378	1.49387	0.569877	2.62139	1	1.49387	1.00000	0
2366	4690	12.5997	2.40280	26.2188	5	6.24944	3.12977	1
469	267	0.468519	0.129206	3.62615	1	0.468519	1.00000	0
469	573	0.535927	0.129206	4.14786	1	0.535927	1.00000	0
469	3440	1.72708	0.989628	3.49036	2	1.72708	2.00000	1
14858	113789	1.09023	0.238513	4.57092	1	1.09023	1.00000	0
1256	4669	0.0750916	0.0193015	3.89044	1	0.0750916	1.00000	0
1351	3129	0.249137	0.0605431	8.23006	2	0.0846369	1.04667	0
10764	1120	0.0442605	0.0264465	1.67358	1	0.0442605	1.00000	0
10764	5556	0.0985604	0.0381637	2.58257	1	0.0985604	1.00000	0
1146	3167	0.314262	0.0882246	3.56207	1	0.314262	1.00000	0
1146	2638	1.17888	0.353554	3.33438	1	1.17888	1.00000	0
1146	2884	0.923872	0.285852	3.23199	1	0.923872	1.00000	0
1146	18993	2.17156	0.588225	7.38344	2	1.90855	1.19247	0
521	4989	1.35616	0.540999	5.01354	2	1.27583	1.21842	0
521	1766	0.617930	0.194925	12.6804	4	0.286545	1.36790	0
521	267	6.42708	1.79401	46.5727	13	2.53777	3.59888	1
521	573	0.0654491	0.0240082	2.72612	1	0.0654491	1.00000	1
521	4879	0.147632	0.0480164	6.14925	2	0.0975597	1.32166	1
521	4535	19.2714	4.47873	34.4231	8	9.69482	3.24330	1
521	4678	0.223466	0.0953787	4.68587	2	0.110675	1.32548	0
521	175	2.97944	0.633602	4.70238	1	2.97944	1.00000	0
521	19378	1.17070	0.224933	10.4094	2	1.10909	1.52521	0
521	1388	3.36431	0.649729	25.8901	5	0.763971	1.83925	0
521	3229	0.205450	0.0599981	6.84854	2	0.0891820	1.02329	0
521	3574	0.0829465	0.0441943	1.87686	1	0.0829465	1.00000	0
521	531	1.14659	0.403626	8.52218	3	0.399178	1.49763	0
521	490	0.578601	0.246284	4.69865	2	0.125675	1.03605	0
521	4141	0.0746082	0.0240082	3.10761	1	0.0746082	1.00000	0
521	10683	2.92666	0.929361	9.44732	3	1.34002	1.23799	0
521	460	0.241222	0.0728852	3.30962	1	0.241222	1.00000	0
521	4390	0.0805102	0.0240082	3.35345	1	0.0805102	1.00000	0
521	4690	0.151916	0.0480164	6.32767	2	0.109683	1.44400	0
521	515	0.651031	0.293492	11.0911	5	0.362480	1.73793	1
4989	4794	0.454799	0.322282	4.23355	3	0.164602	1.44222	0
4989	4879	1.01657	0.374154	2.71697	1	1.01657	1.00000	1
4989	4678	2.56320	1.33797	9.57871	5	0.565643	1.54105	0
4989	4804	1.84652	0.801023	6.91562	3	0.996309	1.16311	0
4989	4318	1.22790	0.226363	16.2734	3	0.296869	1.35561	0
4989	4738	0.711118	0.246516	2.88468	1	0.711118	1.00000	0
4989	124	0.0802019	0.0275176	2.91457	1	0.0802019	1.00000	0
4989	19378	1.07947	0.440676	7.34876	3	0.636237	1.34015	0
4989	1388	0.139237	0.0587719	4.73823	2	0.0732569	1.19887	0
4989	3229	0.123676	0.0421572	2.93368	1	0.123676	1.00000	0
4989	531	1.96901	0.576923	6.82589	2	0.905926	1.37703	0
4989	11096	0.142737	0.0678178	2.10471	1	0.142737	1.00000	0
4989	490	0.746419	0.391140	7.63325	4	0.346063	1.70797	0
4989	211	1.35525	0.757480	5.36747	3	0.816860	1.51280	0
4989	4390	0.190644	0.0661654	5.76266	2	0.123166	1.02453	0
4989	272	1.61974	0.529134	3.06112	1	1.61974	1.00000	0
4989	515	0.934158	0.531278	7.03329	4	0.204418	1.51839	0
1766	267	0.104914	0.0441943	2.37393	1	0.104914	1.00000	0
1766	6156	0.0664717	0.0240082	2.76871	1	0.0664717	1.00000	0
1766	4879	0.880764	0.274009	6.42872	2	0.198623	1.15114	0
1766	4368	0.138630	0.0314596	4.40659	1	0.138630	1.00000	0
1766	4318	0.345194	0.119218	5.79096	2	0.288753	1.18807	0
1766	124	0.0804159	0.0240082	3.34952	1	0.0804159	1.00000	0
1766	19378	0.271373	0.0756539	7.17406	2	0.129035	1.10211	0
1766	1388	0.635678	0.193203	9.87064	3	0.255019	1.57662	0
1766	531	0.226997	0.0682025	6.65657	2	0.150001	1.47654	0
1766	11096	0.326390	0.110360	8.87254	3	0.144687	1.57219	0
1766	211	0.430143	0.169194	5.08460	2	0.343619	1.22991	0
1766	515	1.10565	0.472313	9.36367	4	0.374002	1.36143	0
11019	18898	0.230794	0.0445386	5.18188	1	0.230794	1.00000	0
10727	825	2.19543	0.500000	4.39085	1	2.19543	1.00000	1
109236	111011	0.714948	0.390453	1.83107	1	0.714948	1.00000	0
109236	39452	0.379502	0.0867443	4.37495	1	0.379502	1.00000	0
1274	4730	0.0851958	0.0311298	2.73679	1	0.0851958	1.00000	0
1274	1776	0.0892227	0.0311298	2.86615	1	0.0892227	1.00000	0
1274	124	0.121772	0.0311796	3.90550	1	0.121772	1.00000	0
1274	5808	6.00991	1.48327	8.10361	2	6.00977	1.99997	1
267	573	47.5612	7.34161	291.524	45	15.8874	15.6666	1
267	18898	0.689178	0.572271	6.02144	5	0.641883	4.52530	0
267	4794	0.0315831	0.0240082	1.31551	1	0.0315831	1.00000	0
267	10837	0.319911	0.125000	2.55928	1	0.319911	1.00000	0
267	4879	0.202990	0.0806018	5.03685	2	0.108519	1.33717	1
267	10812	2.46645	1.03333	11.9344	5	2.41307	4.17887	0
267	4368	0.138800	0.0441943	3.14068	1	0.138800	1.00000	0
267	3631	0.108357	0.0456295	2.37470	1	0.108357	1.00000	0
267	6155	0.489373	0.230438	4.24733	2	0.425196	1.81866	0
267	4678	0.386976	0.220253	7.02784	4	0.100844	1.54049	1
267	4804	0.271852	0.125000	2.17481	1	0.271852	1.00000	0
267	4318	0.217321	0.0489413	8.88089	2	0.153815	1.40430	0
267	4738	0.102120	0.0186109	5.48714	1	0.102120	1.00000	0
267	124	2.12219	0.709905	14.9470	5	1.55905	3.27309	1
267	1388	0.757185	0.170059	17.8100	4	0.304517	1.67536	0
267	3229	0.266529	0.0952100	2.79938	1	0.266529	1.00000	1
267	3574	0.338456	0.0931355	10.9021	3	0.221549	2.27116	0
267	531	0.275581	0.123207	4.47346	2	0.189224	1.16584	0
267	490	2.43766	1.37183	15.9925	9	2.08319	6.04558	0
267	4141	0.217747	0.0863515	5.04328	2	0.168788	1.56067	0
267	1120	0.121613	0.0528931	4.59844	2	0.121359	1.99583	0
267	5236	1.80561	0.476119	11.3771	3	1.74839	2.39477	0
267	6278	0.864926	0.333334	2.59477	1	0.864926	1.00000	0
267	4690	0.306675	0.119322	5.14030	2	0.133372	1.10247	0
267	15505	0.0557171	0.0240082	2.32076	1	0.0557171	1.00000	0
267	515	84.0156	13.4793	498.635	80	29.5897	28.7799	1
6156	4794	0.935450	0.274934	6.80490	2	0.935450	2.00000	0
6156	4879	0.0680500	0.0240082	2.83445	1	0.0680500	1.00000	0
6156	4368	0.162512	0.0441943	3.67722	1	0.162512	1.00000	0
6156	3631	0.646800	0.165880	3.89920	1	0.646800	1.00000	0
6156	6155	83.1811	13.0348	293.548	46	35.1900	18.8778	1
6156	19378	0.0643786	0.0240082	2.68153	1	0.0643786	1.00000	0
6156	460	0.0733531	0.0240082	3.05534	1	0.0733531	1.00000	0
6156	515	0.0410064	0.0252343	1.62502	1	0.0410064	1.00000	0
956	2704	0.379897	0.109583	3.46674	1	0.379897	1.00000	0
956	573	0.432207	0.125000	3.45765	1	0.432207	1.00000	0
956	10837	0.417085	0.123103	3.38809	1	0.417085	1.00000	0
956	10812	0.362528	0.125000	2.90022	1	0.362528	1.00000	0
956	3631	0.133286	0.0500932	2.66076	1	0.133286	1.00000	1
956	3574	0.335629	0.112217	2.99089	1	0.335629	1.00000	0
4161	3229	0.324905	0.0701591	4.63097	1	0.324905	1.00000	0
2704	10837	0.407501	0.122683	3.32157	1	0.407501	1.00000	0
2704	3574	1.45824	0.435204	6.70142	2	1.36111	1.14099	0
2398	110523	0.282371	0.0867443	3.25521	1	0.282371	1.00000	0
534	3157	1.05324	0.316928	3.32328	1	1.05324	1.00000	0
2355	1052	0.469643	0.189687	2.47588	1	0.469643	1.00000	0
2355	3129	0.0957763	0.0192437	4.97701	1	0.0957763	1.00000	0
2355	3400	0.452155	0.189687	2.38369	1	0.452155	1.00000	0
573	1594	0.0879332	0.0240082	3.66263	1	0.0879332	1.00000	0
573	18898	0.684278	0.195101	14.0292	4	0.509195	3.01197	1
573	4794	0.120258	0.0713705	1.68498	1	0.120258	1.00000	0
573	4879	0.492747	0.169465	8.72296	3	0.366395	1.19000	0
573	10812	1.78541	0.389109	22.9423	5	1.71008	4.72985	1
573	4804	0.0625686	0.0240082	2.60614	1	0.0625686	1.00000	0
573	179156	0.121381	0.0249331	4.86829	1	0.121381	1.00000	0
573	4318	0.0623220	0.0240082	2.59587	1	0.0623220	1.00000	0
573	5843	0.0707491	0.0192437	3.67647	1	0.0707491	1.00000	0
573	124	0.0736272	0.0240082	3.06675	1	0.0736272	1.00000	0
573	19378	0.0661361	0.0240082	2.75473	1	0.0661361	1.00000	0
573	11096	0.210842	0.0855653	4.92820	2	0.0626700	1.02315	0
573	490	1.01829	0.463712	15.3716	7	0.848986	5.90428	0
573	1773	0.623614	0.202107	9.25667	3	0.607479	2.92359	0
573	5236	0.0879276	0.0320365	2.74461	1	0.0879276	1.00000	0
573	15505	0.0657767	0.0240082	2.73976	1	0.0657767	1.00000	0
573	515	51.3421	8.24750	367.285	59	14.9653	18.1345	1
10467	5479	0.434795	0.193998	2.24124	1	0.434795	1.00000	0
10467	4864	0.281904	0.109461	2.57539	1	0.281904	1.00000	0
10467	3074	0.561695	0.166667	3.37017	1	0.561695	1.00000	0
10467	633	0.249200	0.109461	2.27662	1	0.249200	1.00000	0
10467	6278	0.192454	0.109461	1.75820	1	0.192454	1.00000	0
4820	170	1.98110	0.675249	2.93388	1	1.98110	1.00000	0
29557	5479	0.0570028	0.0245545	2.32148	1	0.0570028	1.00000	0
29557	5808	0.369352	0.115356	3.20184	1	0.369352	1.00000	0
4930	4923	0.172245	0.0377764	4.55960	1	0.172245	1.00000	0
4466	4794	0.101637	0.0226692	4.48347	1	0.101637	1.00000	0
4466	124	0.652948	0.209987	3.10947	1	0.652948	1.00000	0
4466	5556	1.89414	0.788167	2.40322	1	1.89414	1.00000	0
5479	3440	0.613363	0.124827	4.91372	1	0.613363	1.00000	0
5479	4368	0.145867	0.0837466	1.74176	1	0.145867	1.00000	0
5479	4669	1.86069	1.22180	4.56874	3	1.51349	2.32577	0
5479	10938	0.289642	0.112327	2.57856	1	0.289642	1.00000	0
5479	124	0.318361	0.130563	2.43837	1	0.318361	1.00000	0
5479	5808	0.316531	0.115356	2.74394	1	0.316531	1.00000	0
4947	10938	0.119936	0.0457955	2.61896	1	0.119936	1.00000	0
4947	39452	0.113512	0.0457955	2.47867	1	0.113512	1.00000	0
111011	110523	0.359897	0.110109	3.26853	1	0.359897	1.00000	0
1594	124	0.100120	0.0240082	4.17024	1	0.100120	1.00000	0
1594	15505	0.0922693	0.0240082	3.84324	1	0.0922693	1.00000	0
19955	109773	62.6276	11.0499	136.025	24	32.3256	12.2102	1
10393	10410	360.769	56.1856	937.469	146	118.429	46.9520	1
10393	10368	1.80668	0.569877	3.17030	1	1.80668	1.00000	1
10393	158	34.5720	5.42066	114.801	18	6.14860	3.70462	1
10393	4717	0.103929	0.0226692	4.58461	1	0.103929	1.00000	0
10393	3425	1.59722	0.514568	6.20802	2	1.59722	2.00000	0
19603	39727	2.14095	0.529134	4.04615	1	2.14095	1.00000	1
18898	10222	1.86240	0.419974	4.43457	1	1.86240	1.00000	0
18898	10812	1.45555	0.573609	10.1501	4	1.35525	3.61010	0
18898	3155	0.115649	0.0506726	2.28229	1	0.115649	1.00000	0
18898	3574	0.0811298	0.0506726	1.60106	1	0.0811298	1.00000	0
18898	490	0.380848	0.145094	5.24966	2	0.380848	2.00000	0
18898	515	0.491675	0.364611	2.69698	2	0.491675	2.00000	0
4489	460	0.0777808	0.0193015	4.02977	1	0.0777808	1.00000	0
39561	39613	0.554863	0.179493	3.09128	1	0.554863	1.00000	0
113659	4730	1.07004	0.291589	3.66967	1	1.07004	1.00000	0
49383	1786	0.387829	0.0756817	10.2490	2	0.178525	1.02485	1
4794	10812	0.154521	0.0833781	1.85326	1	0.154521	1.00000	0
4794	6155	0.0725781	0.0249331	2.91092	1	0.0725781	1.00000	0
4794	4678	0.171091	0.126609	2.70267	2	0.149044	1.32045	0
4794	4318	0.0425242	0.0240082	1.77124	1	0.0425242	1.00000	0
4794	3574	0.0267092	0.0240082	1.11250	1	0.0267092	1.00000	0
4794	211	2.03615	1.96581	6.21468	6	0.426870	1.48832	0
4794	515	0.182777	0.149008	2.45325	2	0.0786188	1.32068	0
19401	3353	0.194014	0.0580483	3.34228	1	0.194014	1.00000	0
3012	584	3.38884	1.11246	6.09248	2	3.38883	2.00000	0
3012	19769	0.489595	0.160834	3.04409	1	0.489595	1.00000	0
4730	4669	1.30217	0.363709	3.58025	1	1.30217	1.00000	0
4730	4738	7.43134	1.68547	26.4544	6	4.94585	4.23251	0
4730	3228	1.89577	0.564644	10.0724	3	0.810074	1.34730	0
4730	2685	1.32311	0.392572	6.74074	2	0.724872	1.19501	0
4730	11957	2.39309	0.529134	4.52266	1	2.39309	1.00000	0
4749	11074	0.416477	0.246112	1.69223	1	0.416477	1.00000	0
4749	3425	1.93038	0.569877	3.38737	1	1.93038	1.00000	0
2357	121693	0.133168	0.0351680	3.78663	1	0.133168	1.00000	0
2357	1394	8.45255	2.17729	19.4107	5	5.70369	3.30869	1
10837	10812	26.8752	5.34186	130.808	26	9.76218	7.34436	1
10837	2319	0.365188	0.110274	3.31165	1	0.365188	1.00000	0
10837	323	1.56057	0.333334	4.68170	1	1.56057	1.00000	0
10837	3667	0.280580	0.117851	2.38080	1	0.280580	1.00000	0
4879	4368	0.133499	0.0249331	5.35428	1	0.133499	1.00000	0
4879	4678	0.167033	0.0661654	5.04894	2	0.127100	1.34114	0
4879	4804	0.124559	0.0421572	2.95464	1	0.124559	1.00000	0
4879	4318	0.429042	0.142857	3.00329	1	0.429042	1.00000	0
4879	4738	0.574613	0.136697	4.20356	1	0.574613	1.00000	0
4879	49415	0.106262	0.0193015	5.50535	1	0.106262	1.00000	0
4879	19378	0.0745031	0.0240082	3.10324	1	0.0745031	1.00000	0
4879	531	0.509172	0.135457	7.51785	2	0.323317	1.12634	0
4879	490	0.821837	0.249645	9.87608	3	0.183358	1.09559	0
4879	4141	0.186096	0.0565936	3.28829	1	0.186096	1.00000	0
4879	211	0.190985	0.0833331	2.29182	1	0.190985	1.00000	0
4879	460	0.230065	0.0489413	9.40166	2	0.119685	1.02197	0
4879	3129	0.127234	0.0419323	3.03427	1	0.127234	1.00000	0
4879	3446	0.961028	0.481934	1.99411	1	0.961028	1.00000	0
19585	3574	1.36831	0.382551	3.57681	1	1.36831	1.00000	0
19585	490	0.896237	0.288676	3.10465	1	0.896237	1.00000	0
19031	6311	0.794125	0.503102	1.57846	1	0.794125	1.00000	0
10410	10368	1.10330	0.333334	3.30988	1	1.10330	1.00000	0
10410	4753	1.54839	0.500000	3.09677	1	1.54839	1.00000	0
10410	158	15.6381	2.61512	59.7986	10	3.99802	3.56083	1
10410	3999	0.0968664	0.0243316	3.98110	1	0.0968664	1.00000	0
3440	3631	0.109721	0.0258276	4.24821	1	0.109721	1.00000	0
3440	4669	2.32381	0.731808	6.35088	2	2.27267	1.75142	1
3440	158	0.0701619	0.0193015	3.63504	1	0.0701619	1.00000	0
3440	4815	0.117749	0.0381637	3.08537	1	0.117749	1.00000	0
3440	3129	0.112463	0.0258276	4.35438	1	0.112463	1.00000	0
116441	100174	0.387099	0.116074	3.33495	1	0.387099	1.00000	0
10368	4753	1.56089	0.333334	4.68266	1	1.56089	1.00000	0
10368	158	0.639386	0.174144	3.67158	1	0.639386	1.00000	1
10368	1346	0.0801372	0.0193015	4.15185	1	0.0801372	1.00000	0
10368	10367	10.5147	2.34603	31.3734	7	5.78427	3.07516	1
10812	4368	0.0766162	0.0193015	3.96944	1	0.0766162	1.00000	0
10812	6155	0.993725	0.223322	4.44974	1	0.993725	1.00000	0
10812	3155	0.109721	0.0405512	2.70573	1	0.109721	1.00000	0
10812	4678	0.195996	0.0381462	5.13801	1	0.195996	1.00000	0
10812	4804	0.0548285	0.0240082	2.28374	1	0.0548285	1.00000	0
10812	490	2.99779	0.585590	15.3578	3	2.99520	2.98484	0
10812	4141	0.0628595	0.0240082	2.61825	1	0.0628595	1.00000	0
10812	1773	1.00626	0.259295	3.88078	1	1.00626	1.00000	0
10812	3129	1.90660	0.678111	2.81163	1	1.90660	1.00000	0
10812	3667	0.546914	0.214413	5.10151	2	0.297350	1.08737	0
10812	4390	0.0687614	0.0240082	2.86408	1	0.0687614	1.00000	0
10812	49304	0.906749	0.199052	4.55534	1	0.906749	1.00000	0
10812	515	2.41793	0.992956	14.6105	6	1.55837	5.45427	0
4806	4864	0.458694	0.129615	3.53891	1	0.458694	1.00000	0
4368	124	0.0562162	0.0245545	2.28944	1	0.0562162	1.00000	0
4368	1388	0.179295	0.0441943	4.05696	1	0.179295	1.00000	0
4368	3074	2.00856	0.500000	4.01713	1	2.00856	1.00000	0
4368	4815	0.0781636	0.0193015	4.04960	1	0.0781636	1.00000	0
4368	4141	0.195513	0.0441943	4.42395	1	0.195513	1.00000	0
4368	1120	0.0804881	0.0476411	1.68947	1	0.0804881	1.00000	0
4368	515	0.0779451	0.0252343	3.08885	1	0.0779451	1.00000	0
177	4855	0.0384774	0.0264465	1.45491	1	0.0384774	1.00000	0
3631	323	0.225997	0.0979673	4.61372	2	0.218592	1.93592	0
3631	3935	5.57551	0.945531	17.6901	3	3.94520	2.00855	0
6155	14446	0.631423	0.232846	2.71177	1	0.631423	1.00000	0
6155	323	0.105059	0.0249331	4.21366	1	0.105059	1.00000	0
6155	5236	4.23341	1.15036	14.7204	4	4.18123	3.88408	1
6155	515	0.158035	0.0547729	2.88529	1	0.158035	1.00000	0
4929	323	0.170511	0.0478741	3.56164	1	0.170511	1.00000	0
4929	515	0.301881	0.129206	2.33644	1	0.301881	1.00000	0
3003	3425	0.687814	0.181311	3.79355	1	0.687814	1.00000	0
1052	3400	0.629119	0.189687	3.31662	1	0.629119	1.00000	0
4753	4923	2.63120	0.500000	5.26239	1	2.63120	1.00000	1
4753	3425	1.55384	0.379431	12.2856	3	0.954136	2.12626	0
4753	1352	0.166599	0.0384053	4.33793	1	0.166599	1.00000	0
3155	490	2.31244	0.534473	4.32658	1	2.31244	1.00000	0
3155	515	0.271987	0.129206	2.10507	1	0.271987	1.00000	0
39556	19385	2.19406	0.852476	5.14750	2	1.18262	1.07802	0
39556	10928	0.107756	0.0457955	2.35298	1	0.107756	1.00000	0
3476	4678	0.419062	0.0976330	4.29222	1	0.419062	1.00000	0
3476	4141	1.94509	0.533844	3.64356	1	1.94509	1.00000	0
2344	5808	0.125705	0.0311298	4.03808	1	0.125705	1.00000	0
4535	10683	12.4800	2.35867	26.4555	5	11.5850	4.66904	1
4678	486	2.67414	0.619626	17.2629	4	0.916277	2.00630	0
4678	4717	1.10604	0.278864	3.96623	1	1.10604	1.00000	1
4678	1414	0.174211	0.0381462	4.56694	1	0.174211	1.00000	0
4678	4738	3.52440	0.936200	7.52917	2	2.30092	1.11281	1
4678	124	0.0644277	0.0240082	2.68357	1	0.0644277	1.00000	0
4678	19378	0.909538	0.382331	14.2736	6	0.174739	1.58898	0
4678	1388	1.64535	0.738693	11.1369	5	0.212311	1.52083	0
4678	3229	1.62872	0.506352	6.43316	2	1.62872	2.00000	0
4678	531	1.81776	0.791866	9.18218	4	0.405754	1.68289	0
4678	11096	0.502117	0.238187	6.32423	3	0.227341	1.51167	0
4678	490	2.11659	1.16716	7.25382	4	0.328980	1.52312	0
4678	4141	0.0614000	0.0240082	2.55746	1	0.0614000	1.00000	0
4678	460	0.0659111	0.0240082	2.74536	1	0.0659111	1.00000	0
4678	4690	5.78840	1.46279	19.7855	5	3.03624	3.17742	1
2319	3574	0.531688	0.209987	2.53201	1	0.531688	1.00000	0
4669	4738	0.214464	0.0419323	5.11454	1	0.214464	1.00000	1
4669	4390	0.0770497	0.0193015	3.99189	1	0.0770497	1.00000	0
486	584	9.18520	1.86847	19.6636	4	5.55427	2.13004	1
486	457	0.291115	0.109461	2.65954	1	0.291115	1.00000	0
486	4864	2.84722	0.490541	29.0212	5	1.12511	1.73118	0
486	3229	0.0727887	0.0252343	2.88451	1	0.0727887	1.00000	0
486	531	0.567135	0.248072	4.57234	2	0.493036	1.14896	0
486	490	0.173927	0.100931	3.44644	2	0.139228	1.16129	0
486	211	1.29608	0.876377	4.43673	3	0.796280	1.19415	0
486	5808	0.883939	0.243476	10.8915	3	0.629682	1.68397	0
486	633	1.05162	0.328382	9.60726	3	0.528686	1.50821	0
486	6278	1.56791	0.580700	13.5002	5	0.503825	1.69867	0
486	515	0.953313	0.242930	11.7727	3	0.762504	2.55579	0
158	124	0.0608310	0.0193015	3.15161	1	0.0608310	1.00000	1
158	10367	0.751358	0.174144	4.31457	1	0.751358	1.00000	1
158	221	1.12088	0.258742	8.66408	2	1.01674	1.89438	0
12788	3342	0.972848	0.232627	4.18201	1	0.972848	1.00000	0
3165	3227	47.3287	9.14124	72.4850	14	21.8331	6.69374	1
4804	1388	0.0624999	0.0240082	2.60327	1	0.0624999	1.00000	0
4804	3574	0.0476352	0.0240082	1.98412	1	0.0476352	1.00000	0
4804	490	0.503500	0.224008	4.49538	2	0.127599	1.16381	0
4804	460	0.0762387	0.0240082	3.17553	1	0.0762387	1.00000	0
4804	15505	0.298484	0.0954366	6.25513	2	0.0908651	1.07063	0
1400	175	0.790151	0.324609	4.86833	2	0.790151	2.00000	0
1400	939	1.28594	0.354800	3.62440	1	1.28594	1.00000	0
1400	19385	0.306114	0.0867443	3.52892	1	0.306114	1.00000	0
4717	3439	1.92386	0.406466	4.73315	1	1.92386	1.00000	0
4717	4761	1.65126	0.541794	3.04776	1	1.65126	1.00000	0
3167	2638	0.249286	0.0709443	3.51383	1	0.249286	1.00000	0
2638	11096	0.139437	0.0258276	5.39874	1	0.139437	1.00000	0
2638	5556	2.23556	0.500000	4.47111	1	2.23556	1.00000	0
2638	3667	0.346250	0.0738884	4.68613	1	0.346250	1.00000	0
109706	12942	1.77672	1.10358	3.21991	2	1.58461	1.85335	0
175	10938	1.02576	0.425022	4.82684	2	1.02576	2.00000	1
175	39584	0.112144	0.0457955	2.44880	1	0.112144	1.00000	0
18352	4435	1.08134	0.263901	4.09753	1	1.08134	1.00000	0
584	19769	1.61682	0.464713	3.47919	1	1.61682	1.00000	0
17205	18399	3.96687	0.853499	4.64778	1	3.96687	1.00000	1
457	10582	0.0817840	0.0193015	4.23718	1	0.0817840	1.00000	0
457	100174	0.0746194	0.0264465	2.82152	1	0.0746194	1.00000	0
457	4864	0.335247	0.134015	5.00312	2	0.228913	1.61167	0
457	5808	1.15200	0.253762	13.6190	3	0.895496	2.48773	0
457	633	0.241119	0.109461	2.20279	1	0.241119	1.00000	0
457	5556	1.60446	0.802785	5.99586	3	1.55263	2.90456	0
457	6278	0.184372	0.109461	1.68437	1	0.184372	1.00000	0
108555	3129	1.27528	0.338675	7.53098	2	0.904932	1.66856	0
10624	158371	1.36774	0.288676	4.73799	1	1.36774	1.00000	0
121693	102100	9.45289	1.61684	17.5396	3	9.43241	2.99338	1
4318	1388	1.11720	0.422710	10.5717	4	0.203598	1.34425	0
4318	3574	0.0473886	0.0240082	1.97385	1	0.0473886	1.00000	0
4318	531	0.334003	0.125000	2.67202	1	0.334003	1.00000	0
4318	11096	0.559450	0.223707	7.50246	3	0.0915856	1.15922	0
4318	490	0.349271	0.156460	4.46468	2	0.349271	2.00000	0
4318	515	0.146768	0.0702921	4.17595	2	0.112242	1.31125	0
1346	4738	0.262581	0.0811440	3.23598	1	0.262581	1.00000	0
1346	4855	0.0777401	0.0193015	4.02766	1	0.0777401	1.00000	0
1346	5808	0.0841409	0.0245545	3.42670	1	0.0841409	1.00000	0
1430	38878	1.50434	0.452155	3.32704	1	1.50434	1.00000	1
323	1773	0.318444	0.106550	2.98867	1	0.318444	1.00000	0
323	3667	1.55576	0.503037	3.09274	1	1.55576	1.00000	0
323	5236	0.748919	0.259274	2.88852	1	0.748919	1.00000	0
10938	10928	0.102312	0.0457955	2.23411	1	0.102312	1.00000	0
170	10730	2.65322	0.750264	3.53638	1	2.65322	1.00000	0
170	3400	4.22733	0.899674	14.0962	3	1.04341	1.07417	0
19048	19769	0.968672	0.174110	5.56358	1	0.968672	1.00000	0
48879	5808	0.101173	0.0311298	3.25003	1	0.101173	1.00000	0
3999	3129	0.0798873	0.0186109	4.29251	1	0.0798873	1.00000	0
947	3935	28.6784	5.12459	78.3472	14	20.3629	9.01320	1
100174	3425	0.420019	0.0833331	5.04024	1	0.420019	1.00000	0
107180	103033	3.12695	1.03943	6.01666	2	3.12555	1.99907	1
3935	3074	0.331883	0.0785139	4.22707	1	0.331883	1.00000	0
3935	4761	0.590101	0.188726	3.12676	1	0.590101	1.00000	0
105758	112819	1.18607	0.529134	2.24153	1	1.18607	1.00000	0
39619	110073	399.161	65.7622	758.720	125	103.826	32.3182	1
4864	5808	0.760209	0.218921	6.94504	2	0.444613	1.16971	0
4864	633	1.43326	0.462333	12.4003	4	0.675575	1.76714	0
4864	6278	1.48409	0.580700	12.7784	5	0.508231	1.74602	0
4864	515	0.636260	0.128762	9.88272	2	0.546513	1.05901	0
939	10928	2.82818	0.646513	4.37452	1	2.82818	1.00000	0
19769	19835	0.563258	0.160834	3.50210	1	0.563258	1.00000	0
124	1388	0.119094	0.0249331	4.77656	1	0.119094	1.00000	0
124	3229	0.0782428	0.0209139	3.74118	1	0.0782428	1.00000	0
124	531	0.588053	0.173390	13.5660	4	0.149965	1.46263	0
124	4141	0.0827863	0.0240082	3.44825	1	0.0827863	1.00000	0
124	5556	0.658087	0.271745	2.42170	1	0.658087	1.00000	0
124	6278	0.994207	0.460375	2.15956	1	0.994207	1.00000	0
124	221	2.04825	0.538603	11.4087	3	2.01485	2.54523	0
124	15505	0.0779633	0.0240082	3.24736	1	0.0779633	1.00000	0
19378	1388	1.29990	0.259802	20.0137	4	0.904697	1.51109	0
19378	3574	0.101373	0.0441943	2.29380	1	0.101373	1.00000	0
19378	531	4.03862	0.851789	23.7067	5	0.742052	1.36346	0
19378	3342	3.05376	0.663573	4.60200	1	3.05376	1.00000	0
19378	11096	0.0638542	0.0240082	2.65968	1	0.0638542	1.00000	0
19378	490	1.20624	0.504070	11.9650	5	0.670274	1.47748	0
19378	4141	0.256695	0.0806018	6.36947	2	0.193917	1.17893	0
19378	211	0.110673	0.0441943	2.50423	1	0.110673	1.00000	0
19378	4690	0.180942	0.0554678	6.52420	2	0.116595	1.17838	0
1388	3574	0.0882553	0.0441943	1.99699	1	0.0882553	1.00000	0
1388	531	0.755915	0.252528	8.98019	3	0.415885	1.24986	0
1388	2964	0.318442	0.0701591	4.53885	1	0.318442	1.00000	0
1388	11096	0.329379	0.132435	4.97420	2	0.215993	1.19443	0
1388	490	1.76967	0.806932	15.3516	7	0.194380	1.74801	0
1388	4141	0.0705309	0.0240082	2.93778	1	0.0705309	1.00000	0
1388	211	1.17810	0.533703	11.0371	5	0.513228	1.51109	0
1388	460	0.0995684	0.0314596	3.16496	1	0.0995684	1.00000	0
1388	4390	0.242779	0.0721982	3.36268	1	0.242779	1.00000	0
1388	49865	6.17449	1.69472	14.5734	4	6.02261	3.91725	1
1388	515	0.423459	0.208483	6.09343	3	0.203802	1.66684	0
3229	3574	0.173142	0.0661654	5.23362	2	0.112028	1.02723	0
3229	531	0.0712872	0.0209139	3.40860	1	0.0712872	1.00000	0
3229	4390	0.162986	0.0421572	3.86615	1	0.162986	1.00000	0
3229	4690	5.21375	1.10611	32.9953	7	5.14849	6.42431	1
3574	531	0.261531	0.142857	1.83072	1	0.261531	1.00000	0
3574	2964	0.0892134	0.0193015	4.62208	1	0.0892134	1.00000	0
3574	11096	3.33455	0.626663	15.9634	3	3.33455	3.00000	0
3574	490	10.2500	2.22578	27.6308	6	9.40707	5.01753	0
3574	4141	0.161229	0.0682025	4.72795	2	0.107551	1.48621	0
3574	185	0.125601	0.0267115	4.70213	1	0.125601	1.00000	0
3574	5236	0.953640	0.453463	4.20603	2	0.216758	1.00894	0
3574	4690	0.0570158	0.0240082	2.37485	1	0.0570158	1.00000	0
3574	515	2.69415	0.759804	17.7293	5	2.57009	4.44937	0
531	490	1.05371	0.456044	9.24220	4	0.179434	1.31478	0
531	211	0.473485	0.210861	4.49097	2	0.395339	1.21254	0
2964	3129	0.0808969	0.0193015	4.19122	1	0.0808969	1.00000	0
4632	35	2.40846	0.671382	10.7620	3	2.40828	2.99977	1
1356	38706	1.68999	0.500000	3.37998	1	1.68999	1.00000	0
11096	490	2.44870	1.15530	8.47815	4	0.197191	1.50255	0
11096	211	0.551532	0.294195	3.74943	2	0.487589	1.22823	1
11096	185	0.120246	0.0267115	4.50165	1	0.120246	1.00000	0
11096	4690	0.0696674	0.0240082	2.90182	1	0.0696674	1.00000	0
11096	10367	0.206857	0.0467122	4.42833	1	0.206857	1.00000	0
11096	515	0.287411	0.0691274	8.31539	2	0.287411	2.00000	0
112819	152406	3.12287	0.569877	5.47991	1	3.12287	1.00000	0
490	211	1.45956	0.960279	9.11959	6	0.835318	1.50283	0
490	460	0.685270	0.242023	5.66284	2	0.685144	1.99979	0
490	5236	3.62741	1.45441	12.4704	5	2.93211	4.31137	1
490	4390	0.0677816	0.0240082	2.82327	1	0.0677816	1.00000	0
490	4690	0.325473	0.123144	7.92909	3	0.103244	1.56059	0
490	515	18.3094	3.19497	68.7682	12	15.7858	8.79032	1
3074	15505	0.777161	0.149877	5.18532	1	0.777161	1.00000	0
39648	19755	2.48284	0.906613	2.73859	1	2.48284	1.00000	0
4141	4390	0.605815	0.145457	8.32980	2	0.130982	1.06127	0
4141	4690	0.419049	0.0784354	5.34261	1	0.419049	1.00000	0
4141	515	0.219370	0.0901736	7.29826	3	0.0699094	1.17773	0
211	3667	16.7684	8.07205	29.0828	14	11.2394	9.32143	1
211	515	0.159012	0.119322	2.66526	2	0.0731677	1.14256	0
35	19459	1.86937	0.500000	3.73874	1	1.86937	1.00000	0
5808	633	0.570197	0.128762	8.85659	2	0.385639	1.61925	0
5808	4390	0.0765548	0.0193015	3.96625	1	0.0765548	1.00000	0
5808	6278	0.290654	0.109461	2.65533	1	0.290654	1.00000	0
5808	19755	2.72070	1.38813	3.91994	2	2.70626	1.99133	0
5808	515	0.852823	0.218921	7.79113	2	0.661027	1.55021	0
1120	515	0.100651	0.0192437	5.23034	1	0.100651	1.00000	0
633	6278	0.787120	0.352937	8.92081	4	0.356947	1.49426	0
633	515	0.759106	0.218921	6.93497	2	0.588916	1.55160	0
460	4390	0.118213	0.0314596	3.75762	1	0.118213	1.00000	0
460	6278	0.0653691	0.0193015	3.38673	1	0.0653691	1.00000	0
460	221	0.136237	0.0311298	4.37641	1	0.136237	1.00000	0
3228	2685	6.47814	2.19602	26.5495	9	0.716590	1.29430	1
6278	221	1.38427	0.250001	5.53705	1	1.38427	1.00000	0
39584	10928	0.126723	0.0457955	2.76715	1	0.126723	1.00000	1
10928	39452	0.479509	0.213764	4.48635	2	0.479250	1.99748	0
2049	515	0.795204	0.343081	2.31784	1	0.795204	1.00000	0
49865	19464	4.56370	1.11431	8.19105	2	1.78806	1.06193	0
