776	2810	0.0928619	0.0186109	4.98965	1	0.0928619	1.00000	0
776	401	2.16263	0.529134	4.08712	1	2.16263	1.00000	0
776	573	0.316484	0.129206	2.44945	1	0.316484	1.00000	0
776	14446	0.0912379	0.0186109	4.90239	1	0.0912379	1.00000	0
776	113789	2.33043	0.605160	3.85093	1	2.33043	1.00000	0
10971	2398	0.704936	0.209987	3.35705	1	0.704936	1.00000	1
10971	39556	1.94279	0.942974	4.12057	2	1.90000	1.95594	1
10971	175	1.50870	0.799541	1.88696	1	1.50870	1.00000	1
10971	39613	0.656640	0.333333	1.96992	1	0.656640	1.00000	0
10971	10928	0.0965211	0.0457952	2.10767	1	0.0965211	1.00000	1
10971	39452	1.15723	0.528748	4.37724	2	0.192682	0.333006	1
18931	4956	0.115754	0.0661521	1.74982	1	0.115754	1.00000	0
18931	39561	1.09738	0.579497	1.89368	1	1.09738	1.00000	0
18931	1400	1.29693	0.328689	3.94576	1	1.29693	1.00000	0
18931	175	0.539226	0.370481	1.45548	1	0.539226	1.00000	0
18931	39619	0.706847	0.247848	2.85194	1	0.706847	1.00000	0
620	12835	2.87274	0.712687	4.03086	1	2.87274	1.00000	1
49918	39750	1.04633	0.333333	3.13899	1	1.04633	1.00000	0
2	1174	0.917843	0.186936	4.90993	1	0.917843	1.00000	1
2	1146	0.879530	0.186936	4.70497	1	0.879530	1.00000	1
19096	588	4.45939	4.14816	11.8253	11	1.20560	3.11494	0
19096	3756	5.97109	4.68094	12.7562	10	1.29423	2.51555	0
19096	2810	4.18618	2.66439	9.42697	6	0.681164	1.17320	0
19096	19404	0.466390	0.250000	1.86556	1	0.466390	1.00000	0
19096	401	3.06589	1.62085	11.3492	6	0.893202	1.72747	1
19096	350	0.673238	0.442845	4.56077	3	0.0822879	0.411012	0
19096	521	2.25619	1.04419	6.48210	3	0.547823	0.786157	0
19096	267	0.0603046	0.0441942	1.36454	1	0.0603046	1.00000	0
19096	4794	4.43621	4.27413	13.4930	13	0.853867	2.02705	0
19096	4879	0.225092	0.101083	4.45360	2	0.0399419	0.354894	0
19096	4678	8.95601	4.78872	16.8321	9	2.21615	2.22558	0
19096	18352	0.358867	0.0894753	4.01079	1	0.358867	1.00000	0
19096	11096	0.0993607	0.0565936	1.75569	1	0.0993607	1.00000	0
19096	490	5.68513	3.63374	12.5163	8	1.48834	2.09562	0
19096	211	1.40840	1.24236	5.66827	5	0.247005	0.842286	0
19096	460	0.0767531	0.0314597	2.43973	1	0.0767531	1.00000	0
19096	515	0.951745	0.746284	3.82594	3	0.393825	1.21147	0
695	728	2.08672	0.529134	3.94365	1	2.08672	1.00000	0
695	10812	0.0882298	0.0193016	4.57112	1	0.0882298	1.00000	0
22	3236	0.167400	0.0337967	4.95315	1	0.167400	1.00000	0
22	2810	1.16837	0.431336	5.41744	2	0.0270309	0.0462712	0
22	3158	0.222681	0.0398142	5.59299	1	0.222681	1.00000	0
22	19378	0.0692281	0.0240082	2.88352	1	0.0692281	1.00000	0
22	211	0.998881	0.407328	2.45228	1	0.998881	1.00000	0
53	5604	1.31838	0.250000	5.27353	1	1.31838	1.00000	1
53	2798	0.486522	0.142857	3.40565	1	0.486522	1.00000	0
53	3328	0.0866857	0.0245546	3.53032	1	0.0866857	1.00000	0
53	10467	0.297513	0.115356	2.57908	1	0.297513	1.00000	0
53	486	0.383287	0.109461	3.50160	1	0.383287	1.00000	0
53	457	2.22215	0.500000	4.44429	1	2.22215	1.00000	0
53	4738	0.998716	0.406420	2.45735	1	0.998716	1.00000	0
53	4864	0.475268	0.142857	3.32688	1	0.475268	1.00000	0
53	633	0.333291	0.109461	3.04485	1	0.333291	1.00000	0
1174	2798	0.331789	0.0701588	4.72912	1	0.331789	1.00000	1
1174	1146	0.900309	0.186936	4.81613	1	0.900309	1.00000	0
1174	4794	0.0942181	0.0249332	3.77882	1	0.0942181	1.00000	0
1174	3631	0.893548	0.142857	6.25484	1	0.893548	1.00000	0
1174	3165	0.874858	0.200000	4.37429	1	0.874858	1.00000	0
1174	4738	0.319935	0.0811443	3.94279	1	0.319935	1.00000	0
1174	6278	0.0649390	0.0193016	3.36444	1	0.0649390	1.00000	0
1174	19755	0.0779181	0.0193016	4.03688	1	0.0779181	1.00000	0
576	3756	0.112087	0.0340784	3.28909	1	0.112087	1.00000	0
576	2810	0.0791457	0.0240082	3.29661	1	0.0791457	1.00000	0
576	534	0.416784	0.316927	1.31508	1	0.416784	1.00000	0
576	531	0.375399	0.0954368	7.86696	2	0.0851458	0.453629	0
576	4390	0.103465	0.0240082	4.30958	1	0.103465	1.00000	0
578	4730	14.6517	2.92703	60.0678	12	10.6184	8.65218	1
578	4738	11.1264	2.54289	39.3795	9	8.26506	6.74928	1
578	3228	4.07557	1.22614	19.9433	6	0.651111	0.962279	0
578	2685	3.35564	1.00564	16.6840	5	0.440730	0.661438	0
11067	10812	0.332197	0.0731217	4.54307	1	0.332197	1.00000	0
11067	4141	0.252727	0.111459	2.26745	1	0.252727	1.00000	0
756	1384	3.04792	0.955620	3.18946	1	3.04792	1.00000	1
472	3328	0.0741932	0.0264466	2.80539	1	0.0741932	1.00000	0
472	10467	509.763	80.8960	1216.18	193	491.366	185.920	1
472	29557	0.261667	0.115356	2.26834	1	0.261667	1.00000	0
472	4864	0.282103	0.109461	2.57721	1	0.282103	1.00000	0
472	4815	0.0878486	0.0193016	4.55137	1	0.0878486	1.00000	0
472	1120	0.322729	0.129733	2.48765	1	0.322729	1.00000	0
472	633	0.249400	0.109461	2.27844	1	0.249400	1.00000	0
472	460	0.0823820	0.0193016	4.26816	1	0.0823820	1.00000	0
472	6278	0.192653	0.109461	1.76002	1	0.192653	1.00000	0
1695	3439	0.0956421	0.0186109	5.13904	1	0.0956421	1.00000	0
19177	19955	1.66408	0.885169	3.75991	2	1.66398	1.99988	0
588	1108	0.0551019	0.0240082	2.29513	1	0.0551019	1.00000	0
588	3756	1.61413	1.32840	7.29053	6	0.364132	1.45740	0
588	337	6.98483	4.70547	19.2973	13	1.70736	3.20083	0
588	2810	2.77183	1.97778	11.2119	8	1.20356	2.68389	0
588	19404	1.14779	0.624448	5.51426	3	0.943077	2.04948	0
588	401	4.82028	1.71244	25.3337	9	2.41984	5.00990	1
588	350	3.39714	0.931446	14.5887	4	3.10632	3.76452	0
588	4989	1.25699	0.846223	7.42705	5	0.338595	1.41066	0
588	267	1.68372	0.908545	9.26602	5	1.44242	3.98246	0
588	6156	0.0409661	0.0240082	1.70634	1	0.0409661	1.00000	0
588	573	0.203863	0.129206	1.57781	1	0.203863	1.00000	0
588	18898	0.184812	0.116810	1.58216	1	0.184812	1.00000	0
588	4794	1.81108	1.89731	5.72733	6	0.509025	1.52096	0
588	4879	0.371414	0.126880	8.78186	3	0.0667675	0.548530	0
588	3155	2.62440	0.534473	4.91025	1	2.62440	1.00000	0
588	4678	2.95512	2.08632	11.3315	8	0.851272	2.01419	0
588	4804	3.25046	1.77775	9.14208	5	0.619093	0.921912	0
588	19378	0.142257	0.0720245	5.92537	3	0.0362645	0.764765	0
588	3574	5.40856	6.77474	8.78177	11	5.31187	10.8220	0
588	11096	0.0710139	0.0421574	1.68450	1	0.0710139	1.00000	0
588	490	1.64086	1.02523	8.00236	5	0.449910	1.38689	0
588	4141	0.245008	0.113187	4.32926	2	0.0172557	0.140859	0
588	211	2.26131	1.72398	11.8051	9	0.362969	1.59926	1
588	460	0.0563936	0.0240082	2.34893	1	0.0563936	1.00000	0
588	4690	0.167065	0.0751272	2.22376	1	0.167065	1.00000	0
588	15505	0.655651	0.333333	1.96695	1	0.655651	1.00000	0
588	515	0.356210	0.285386	3.74451	3	0.275831	2.17534	0
680	205	3.76670	1.70598	6.62384	3	3.63067	2.90378	1
680	49804	1.04638	0.414405	2.52503	1	1.04638	1.00000	0
680	4738	0.0885691	0.0193016	4.58870	1	0.0885691	1.00000	0
1198	18898	0.686607	0.250000	2.74643	1	0.686607	1.00000	0
1198	323	0.283518	0.0642300	4.41410	1	0.283518	1.00000	0
819	842	0.842083	0.333333	2.52625	1	0.842083	1.00000	0
819	3328	16.9818	2.69334	44.1358	7	16.5201	6.81339	1
819	267	0.673473	0.220754	6.10156	2	0.534052	1.58596	0
819	956	0.363147	0.102903	3.52901	1	0.363147	1.00000	0
819	10837	0.287744	0.117851	2.44159	1	0.287744	1.00000	0
819	10812	1.00694	0.370730	2.71610	1	1.00694	1.00000	0
819	2319	0.342642	0.102903	3.32975	1	0.342642	1.00000	0
819	323	0.347160	0.117851	2.94575	1	0.347160	1.00000	0
819	5236	0.354038	0.117851	3.00411	1	0.354038	1.00000	0
491	551	31.8814	6.06216	105.182	20	30.4468	19.1475	1
491	2810	0.331551	0.195666	1.69447	1	0.331551	1.00000	0
491	350	0.438629	0.129206	3.39480	1	0.438629	1.00000	0
491	3340	2.37437	0.516519	9.19375	2	2.29895	1.93647	1
491	267	0.437646	0.129206	3.38719	1	0.437646	1.00000	0
1108	3756	0.181093	0.0660703	5.48183	2	0.0496093	0.547887	0
1108	2810	0.0645603	0.0240082	2.68909	1	0.0645603	1.00000	0
1108	1827	0.558422	0.278863	2.00249	1	0.558422	1.00000	1
1108	4989	1.09302	0.191799	17.0964	3	0.186093	0.401516	0
1108	267	0.117354	0.0462841	2.53552	1	0.117354	1.00000	0
1108	6156	0.205651	0.0682024	6.03062	2	0.0494302	0.480719	0
1108	205	1.70522	0.786841	4.33434	2	1.70522	2.00000	1
1108	573	0.0738188	0.0240082	3.07473	1	0.0738188	1.00000	0
1108	4879	0.0821858	0.0240082	3.42324	1	0.0821858	1.00000	0
1108	4368	0.198728	0.0441942	4.49670	1	0.198728	1.00000	0
1108	4283	0.452902	0.197014	2.29883	1	0.452902	1.00000	1
1108	4678	0.220044	0.0744116	2.95712	1	0.220044	1.00000	0
1108	124	0.162683	0.0441942	3.68109	1	0.162683	1.00000	0
1108	19378	0.0785144	0.0240082	3.27032	1	0.0785144	1.00000	0
1108	1388	0.130626	0.0249332	5.23903	1	0.130626	1.00000	0
1108	3574	0.0588853	0.0240082	2.45272	1	0.0588853	1.00000	0
1108	490	0.125489	0.0462841	2.71127	1	0.125489	1.00000	0
1108	1773	0.0802616	0.0240082	3.34309	1	0.0802616	1.00000	0
1108	3400	0.528057	0.0964320	5.47595	1	0.528057	1.00000	1
19194	109236	0.278228	0.118948	2.33908	1	0.278228	1.00000	0
551	2810	0.737563	0.371266	1.98662	1	0.737563	1.00000	0
551	3340	8.61847	1.69510	25.4218	5	7.63439	4.49981	1
551	3476	0.586760	0.150501	3.89872	1	0.586760	1.00000	0
19456	5479	2.05482	0.918785	4.47290	2	2.05089	1.99617	0
3756	337	2.87736	1.91104	10.5396	7	0.586008	1.63201	0
3756	2810	0.287102	0.175541	6.54211	4	0.0671143	0.943068	0
3756	19404	0.303271	0.132017	6.89162	3	0.0319614	0.298670	0
3756	401	1.19426	0.700435	6.82012	4	0.487708	1.49505	0
3756	350	0.277204	0.195873	2.83044	2	0.109898	0.792902	0
3756	521	0.518334	0.0915999	11.3173	2	0.218540	0.843241	0
3756	4989	16.2542	4.19757	38.7229	10	14.9855	9.37966	1
3756	267	2.58957	0.524933	9.86630	2	1.34228	1.03668	0
3756	4794	1.43889	1.18469	4.85826	4	0.287087	1.01029	0
3756	4879	0.0730856	0.0314597	2.32315	1	0.0730856	1.00000	1
3756	4804	1.08377	0.531460	4.07846	2	0.355724	0.656458	0
3756	4318	1.87881	0.432804	17.3641	4	0.439631	0.840510	0
3756	19378	2.87878	0.524933	10.9682	2	0.896746	0.623004	0
3756	1388	4.39445	0.805224	38.2020	7	1.58291	2.52142	0
3756	11096	0.153367	0.0806017	3.80556	2	0.0815336	1.06325	0
3756	490	1.10367	0.625190	7.06132	4	0.310797	0.989935	0
3756	211	1.07624	0.817614	6.58161	5	0.205537	0.786775	0
3756	460	0.0614137	0.0240082	2.55803	1	0.0614137	1.00000	0
3756	515	0.945011	0.647719	4.37695	3	0.0953170	0.362675	0
337	401	2.40813	1.27534	11.3294	6	0.415166	1.02158	0
337	350	0.0658835	0.0441942	1.49077	1	0.0658835	1.00000	0
337	4989	1.48934	0.794009	7.50291	4	0.440667	1.20822	0
337	4794	3.61348	2.57584	11.2227	8	0.793269	1.80312	0
337	4879	0.171202	0.0666667	2.56803	1	0.171202	1.00000	0
337	486	1.07679	0.639552	6.73465	4	0.234462	0.757173	1
337	1388	1.63327	0.785699	10.3937	5	0.380226	1.24812	0
337	11096	0.127821	0.0678181	1.88476	1	0.127821	1.00000	0
337	490	1.53834	0.916074	11.7549	7	0.462413	1.93904	0
337	211	2.97047	2.15470	6.89299	5	0.604873	0.956503	0
337	5236	1.41086	0.289483	4.87373	1	1.41086	1.00000	0
2810	19404	0.550670	0.250000	2.20268	1	0.550670	1.00000	0
2810	4989	2.00021	0.697724	14.3338	5	0.618408	1.36549	0
2810	267	0.0421224	0.0240082	1.75450	1	0.0421224	1.00000	0
2810	6156	0.0504245	0.0240082	2.10030	1	0.0504245	1.00000	0
2810	18898	0.149962	0.0366021	4.09708	1	0.149962	1.00000	0
2810	4794	2.26094	1.58135	7.14877	5	1.07770	1.89192	0
2810	4879	1.19957	0.474008	7.59211	3	0.212509	0.647245	0
2810	4678	1.44525	0.796542	9.07201	5	0.273969	0.966368	0
2810	486	0.397820	0.108106	3.67991	1	0.397820	1.00000	0
2810	4804	1.31191	0.583333	4.49799	2	0.286100	0.436156	0
2810	4717	1.09415	0.228953	4.77894	1	1.09415	1.00000	0
2810	4318	0.729705	0.323153	6.77423	3	0.121562	0.531883	0
2810	19378	3.66605	1.44117	12.7190	5	0.686925	1.13304	0
2810	3229	0.0684998	0.0240082	2.85318	1	0.0684998	1.00000	0
2810	531	1.60917	0.690675	9.31940	4	0.233463	0.755222	0
2810	11096	0.0499001	0.0240082	2.07846	1	0.0499001	1.00000	0
2810	490	1.81133	0.955049	9.48291	5	0.348178	1.09916	0
2810	460	0.0658520	0.0240082	2.74290	1	0.0658520	1.00000	0
2810	4690	1.18062	0.386113	6.11539	2	1.18062	2.00000	0
2810	515	0.288179	0.173016	4.99685	3	0.0522408	0.623267	0
39579	939	0.111157	0.0457952	2.42726	1	0.111157	1.00000	0
6207	130	57.3517	9.70386	130.024	22	45.2266	17.3596	1
39729	111011	1.73570	1.49356	2.32425	2	0.297387	0.342671	0
3486	16936	0.427836	0.0981223	4.36023	1	0.427836	1.00000	0
3486	3003	0.639763	0.113474	5.63800	1	0.639763	1.00000	0
5604	457	0.374807	0.190796	1.96444	1	0.374807	1.00000	0
19404	350	14.1982	3.18574	40.1111	9	11.8486	7.50696	1
19404	1766	0.194700	0.0678181	2.87092	1	0.194700	1.00000	0
19404	267	3.56103	1.30442	10.9199	4	3.47897	3.90703	0
19404	4794	0.219545	0.125000	1.75636	1	0.219545	1.00000	0
19404	6155	3.59148	0.611411	11.7482	2	3.59148	2.00000	1
19404	4678	0.146132	0.0661656	4.41715	2	0.0667601	0.913698	0
19404	4804	0.0633515	0.0240082	2.63875	1	0.0633515	1.00000	0
19404	460	0.0758935	0.0240082	3.16115	1	0.0758935	1.00000	0
19404	5236	1.80992	0.637224	5.68064	2	1.80535	1.99495	0
1404	1080	6.39840	1.05658	12.1116	2	6.33995	1.98173	0
401	350	2.18055	0.679079	16.0552	5	2.10315	4.60826	1
401	4989	1.80060	0.894538	10.0644	5	0.517313	1.54983	0
401	1766	0.366064	0.143089	7.67491	3	0.0876224	0.693112	0
401	267	2.04689	0.662886	21.6149	7	1.32685	4.56825	1
401	956	0.450148	0.125000	3.60118	1	0.450148	1.00000	1
401	573	0.717677	0.208137	10.3443	3	0.580332	2.21070	0
401	18898	1.48349	0.237377	12.4990	2	0.0129614	0.0174741	0
401	19585	1.77293	0.606287	2.92424	1	1.77293	1.00000	0
401	4368	0.162090	0.0441942	3.66767	1	0.162090	1.00000	0
401	3155	0.859276	0.291048	2.95235	1	0.859276	1.00000	0
401	4678	4.78002	2.18928	17.4670	8	1.51682	2.32099	0
401	486	1.01748	0.544194	3.73940	2	0.397457	0.781259	0
401	4804	0.257988	0.111081	4.64505	2	0.0517145	0.400907	0
401	4318	0.850464	0.364793	4.66272	2	0.231041	0.543328	0
401	323	0.151325	0.0478742	3.16089	1	0.151325	1.00000	1
401	124	0.218501	0.0714286	3.05902	1	0.218501	1.00000	0
401	19378	2.03649	0.711352	11.4514	4	0.716382	0.988461	0
401	1388	3.04602	1.18705	10.2641	4	0.882123	0.973171	0
401	3574	0.697383	0.421756	4.96057	3	0.668648	2.49047	0
401	490	5.22806	1.78945	20.4512	7	2.96255	3.64942	0
401	4141	0.216641	0.0806017	5.37560	2	0.0382055	0.352707	0
401	211	1.82035	1.15278	7.89550	5	0.503649	1.51497	1
401	3667	0.174043	0.0478742	3.63542	1	0.174043	1.00000	0
401	5236	2.18385	0.832004	7.87440	3	2.00614	2.68302	0
401	515	2.37442	0.755153	22.0101	7	1.19567	3.60008	0
111565	118351	16.5503	5.82650	31.2457	11	13.8739	9.24355	1
976	783	1.07701	0.407328	2.64409	1	1.07701	1.00000	0
3295	2305	0.693705	0.159714	4.34342	1	0.693705	1.00000	0
3295	457	0.134339	0.0386775	3.47330	1	0.134339	1.00000	0
3295	633	0.0932603	0.0264466	3.52636	1	0.0932603	1.00000	0
350	521	3.06937	1.40078	21.9118	10	2.22981	7.17165	1
350	267	117.969	32.9329	483.583	135	113.535	130.470	1
350	6156	0.106596	0.0337453	3.15883	1	0.106596	1.00000	0
350	3273	7.94323	1.97857	20.0732	5	7.94321	4.99999	1
350	573	8.82361	2.87774	70.5218	23	8.17219	21.3085	1
350	10368	0.113784	0.0249332	4.56357	1	0.113784	1.00000	0
350	10812	0.859174	0.326221	5.26744	2	0.859174	2.00000	0
350	3155	0.264348	0.129206	2.04594	1	0.264348	1.00000	0
350	4678	1.46016	0.794194	5.51564	3	0.399478	0.806989	0
350	2319	0.318029	0.122684	2.59228	1	0.318029	1.00000	0
350	486	0.239536	0.173400	2.76281	2	0.0862867	0.720447	0
350	124	0.756053	0.333299	4.53679	2	0.756053	2.00000	0
350	19378	0.539095	0.225234	4.78697	2	0.203841	0.756233	0
350	3574	0.0494711	0.0441942	1.11940	1	0.0494711	1.00000	0
350	531	0.235143	0.108568	4.33174	2	0.0436970	0.371663	0
350	11096	0.593402	0.340050	5.23513	3	0.314438	1.86997	0
350	490	0.573104	0.321518	5.34747	3	0.132289	0.802591	0
350	4141	0.657446	0.253018	7.79524	3	0.247648	1.24725	0
350	211	0.594404	0.402762	4.42746	3	0.201994	0.764944	1
350	5236	0.982341	0.417322	7.06175	3	0.982340	3.00000	0
350	4690	0.110060	0.0441942	2.49037	1	0.110060	1.00000	0
350	515	27.2196	9.85372	196.128	71	25.8386	67.5498	1
18584	521	1.37508	0.353553	3.88932	1	1.37508	1.00000	0
18584	4535	1.16334	0.429333	5.41931	2	0.0741429	0.127465	0
16936	105758	1.94202	0.453723	4.28019	1	1.94202	1.00000	0
3252	3129	0.0872036	0.0192437	4.53153	1	0.0872036	1.00000	0
105286	106155	0.876873	0.556575	1.57548	1	0.876873	1.00000	0
1827	49804	4.45911	1.72717	10.3270	4	3.97293	3.49944	1
1403	38201	3.99765	0.956439	4.17972	1	3.99765	1.00000	1
1265	113789	0.676713	0.238515	2.83720	1	0.676713	1.00000	0
786	10812	0.108953	0.0249332	4.36981	1	0.108953	1.00000	0
19294	108555	29.3900	13.7157	62.1410	29	25.7794	25.4430	1
39612	118351	1.52377	0.336015	4.53484	1	1.52377	1.00000	0
2798	3463	0.0800302	0.0193016	4.14631	1	0.0800302	1.00000	0
2798	1146	0.106832	0.0258277	4.13631	1	0.106832	1.00000	0
2798	3229	0.481631	0.140318	6.86487	2	0.481631	2.00000	0
2798	633	0.458728	0.142857	3.21110	1	0.458728	1.00000	0
2798	6278	0.376351	0.142857	2.63446	1	0.376351	1.00000	0
4302	3440	0.980704	0.175875	5.57615	1	0.980704	1.00000	0
4302	177	0.935496	0.823056	4.54645	4	0.821552	3.14593	1
4302	5808	0.0856428	0.0193016	4.43710	1	0.0856428	1.00000	0
4302	633	0.0903782	0.0193016	4.68243	1	0.0903782	1.00000	0
4302	4390	0.0814600	0.0193016	4.22039	1	0.0814600	1.00000	0
10731	1180	0.0729127	0.0186109	3.91774	1	0.0729127	1.00000	0
10731	1352	2.69097	0.529134	5.08562	1	2.69097	1.00000	0
10731	515	0.0821444	0.0186109	4.41378	1	0.0821444	1.00000	0
3463	3440	0.223126	0.0613705	3.63572	1	0.223126	1.00000	0
3463	10368	0.0815583	0.0193016	4.22548	1	0.0815583	1.00000	0
3463	4368	0.219000	0.107355	2.03996	1	0.219000	1.00000	0
3463	124	0.0611074	0.0193016	3.16593	1	0.0611074	1.00000	0
3463	5556	0.522303	0.212285	2.46039	1	0.522303	1.00000	0
3463	6278	0.0627941	0.0193016	3.25332	1	0.0627941	1.00000	0
130	4855	0.578393	0.333333	1.73518	1	0.578393	1.00000	0
130	221	0.208682	0.0681183	3.06353	1	0.208682	1.00000	0
2366	12788	1.33270	0.346159	3.84995	1	1.33270	1.00000	0
2366	175	2.51025	0.500000	5.02050	1	2.51025	1.00000	0
2366	19378	1.49387	0.569877	2.62139	1	1.49387	1.00000	0
2366	4690	12.5997	2.40280	26.2188	5	8.11516	3.62916	1
469	267	0.468521	0.129206	3.62615	1	0.468521	1.00000	0
469	573	0.535929	0.129206	4.14786	1	0.535929	1.00000	0
469	3440	1.72708	0.989628	3.49036	2	1.72708	2.00000	1
14858	113789	1.09023	0.238515	4.57092	1	1.09023	1.00000	0
1256	4669	0.0750916	0.0193016	3.89044	1	0.0750916	1.00000	0
1351	3129	0.249137	0.0605432	8.23006	2	0.0116266	0.0933352	0
10764	1120	0.0442607	0.0264466	1.67358	1	0.0442607	1.00000	0
10764	5556	0.0985608	0.0381639	2.58257	1	0.0985608	1.00000	0
1146	3167	0.314260	0.0882241	3.56207	1	0.314260	1.00000	0
1146	2638	1.17888	0.353553	3.33438	1	1.17888	1.00000	0
1146	2884	0.923871	0.285852	3.23199	1	0.923871	1.00000	0
1146	18993	2.17156	0.588224	7.38344	2	0.417961	0.384941	0
521	4989	1.35616	0.541000	5.01354	2	0.296210	0.436836	0
521	1766	0.617929	0.194925	12.6804	4	0.121979	0.725360	0
521	267	6.42707	1.79401	46.5727	13	3.75496	8.02537	1
521	573	0.0654491	0.0240082	2.72612	1	0.0654491	1.00000	1
521	4879	0.147632	0.0480164	6.14925	2	0.0474871	0.643317	1
521	4535	19.2714	4.47873	34.4231	8	13.0875	5.12205	1
521	4678	0.223467	0.0953789	4.68587	2	0.0727340	0.650961	0
521	175	2.97943	0.633602	4.70238	1	2.97943	1.00000	0
521	19378	1.17071	0.224933	10.4094	2	0.614862	1.05041	0
521	1388	3.36431	0.649729	25.8901	5	1.04373	1.75687	0
521	3229	0.205449	0.0599979	6.84854	2	0.00478569	0.0465877	0
521	3574	0.0829463	0.0441942	1.87686	1	0.0829463	1.00000	0
521	531	1.14659	0.403626	8.52218	3	0.302110	0.939261	0
521	490	0.578602	0.246284	4.69865	2	0.0208583	0.0720989	0
521	4141	0.0746082	0.0240082	3.10761	1	0.0746082	1.00000	0
521	10683	2.92666	0.929361	9.44732	3	0.429017	0.469430	0
521	460	0.241221	0.0728849	3.30962	1	0.241221	1.00000	0
521	4390	0.0805101	0.0240082	3.35345	1	0.0805101	1.00000	0
521	4690	0.151916	0.0480164	6.32767	2	0.0674501	0.887994	0
521	515	0.651032	0.293492	11.0911	5	0.217858	1.70611	1
4989	4794	0.454798	0.322281	4.23355	3	0.109192	0.845507	0
4989	4879	1.01657	0.374154	2.71697	1	1.01657	1.00000	1
4989	4678	2.56320	1.33797	9.57871	5	0.603623	1.20799	0
4989	4804	1.84652	0.801022	6.91562	3	0.208573	0.321744	0
4989	4318	1.22790	0.226364	16.2734	3	0.277833	0.681687	0
4989	4738	0.711121	0.246516	2.88468	1	0.711121	1.00000	0
4989	124	0.0802016	0.0275175	2.91457	1	0.0802016	1.00000	0
4989	19378	1.07947	0.440675	7.34876	3	0.195419	0.676694	0
4989	1388	0.139237	0.0587718	4.73823	2	0.0276900	0.397739	0
4989	3229	0.123676	0.0421574	2.93368	1	0.123676	1.00000	0
4989	531	1.96901	0.576923	6.82589	2	0.742375	0.754060	0
4989	11096	0.142737	0.0678181	2.10471	1	0.142737	1.00000	0
4989	490	0.746419	0.391141	7.63325	4	0.254539	1.38219	0
4989	211	1.35525	0.757478	5.36747	3	0.477749	0.996279	0
4989	4390	0.190645	0.0661656	5.76266	2	0.00467648	0.0490596	0
4989	272	1.61974	0.529134	3.06112	1	1.61974	1.00000	0
4989	515	0.934157	0.531277	7.03329	4	0.226762	1.00848	0
1766	267	0.104914	0.0441942	2.37393	1	0.104914	1.00000	0
1766	6156	0.0664717	0.0240082	2.76871	1	0.0664717	1.00000	0
1766	4879	0.880760	0.274008	6.42872	2	0.133115	0.302272	0
1766	4368	0.138630	0.0314597	4.40659	1	0.138630	1.00000	0
1766	4318	0.345193	0.119218	5.79096	2	0.0649209	0.376142	0
1766	124	0.0804158	0.0240082	3.34952	1	0.0804158	1.00000	0
1766	19378	0.271373	0.0756538	7.17406	2	0.0277111	0.204229	0
1766	1388	0.635677	0.193202	9.87064	3	0.204739	1.07354	0
1766	531	0.226997	0.0682024	6.65657	2	0.108174	0.953084	0
1766	11096	0.326391	0.110360	8.87254	3	0.118097	1.07304	0
1766	211	0.430142	0.169194	5.08460	2	0.0988932	0.459816	0
1766	515	1.10565	0.472313	9.36367	4	0.217504	0.808318	0
11019	18898	0.230793	0.0445384	5.18188	1	0.230793	1.00000	0
10727	825	2.19543	0.500000	4.39085	1	2.19543	1.00000	1
109236	111011	0.714948	0.390453	1.83107	1	0.714948	1.00000	0
109236	39452	0.379503	0.0867444	4.37495	1	0.379503	1.00000	0
1274	4730	0.0851961	0.0311299	2.73679	1	0.0851961	1.00000	0
1274	1776	0.0892230	0.0311299	2.86615	1	0.0892230	1.00000	0
1274	124	0.121772	0.0311795	3.90550	1	0.121772	1.00000	0
1274	5808	6.00990	1.48327	8.10361	2	6.00970	1.99993	1
267	573	47.5613	7.34161	291.524	45	43.0857	40.6638	1
267	18898	0.689179	0.572271	6.02144	5	0.664938	4.73863	0
267	4794	0.0315831	0.0240082	1.31551	1	0.0315831	1.00000	0
267	10837	0.319911	0.125000	2.55928	1	0.319911	1.00000	0
267	4879	0.202990	0.0806017	5.03685	2	0.0684419	0.674339	1
267	10812	2.46645	1.03333	11.9344	5	2.43547	4.58943	0
267	4368	0.138800	0.0441942	3.14068	1	0.138800	1.00000	0
267	3631	0.108357	0.0456298	2.37470	1	0.108357	1.00000	0
267	6155	0.489372	0.230437	4.24733	2	0.400630	1.63732	0
267	4678	0.386975	0.220253	7.02784	4	0.106526	1.13751	1
267	4804	0.271851	0.125000	2.17481	1	0.271851	1.00000	0
267	4318	0.217321	0.0489414	8.88089	2	0.0878625	0.808595	0
267	4738	0.102121	0.0186109	5.48714	1	0.102121	1.00000	0
267	124	2.12218	0.709904	14.9470	5	1.67756	4.13599	1
267	1388	0.757185	0.170059	17.8100	4	0.287496	1.48828	0
267	3229	0.266528	0.0952097	2.79938	1	0.266528	1.00000	1
267	3574	0.338456	0.0931356	10.9021	3	0.247997	2.26965	0
267	531	0.275581	0.123207	4.47346	2	0.0457015	0.331674	0
267	490	2.43766	1.37183	15.9925	9	2.31207	7.82733	0
267	4141	0.217748	0.0863516	5.04328	2	0.122085	1.12134	0
267	1120	0.121613	0.0528933	4.59844	2	0.121106	1.99165	0
267	5236	1.80561	0.476118	11.3771	3	1.39445	2.39477	0
267	6278	0.864924	0.333333	2.59477	1	0.864924	1.00000	0
267	4690	0.306674	0.119321	5.14030	2	0.0314261	0.204948	0
267	15505	0.0557171	0.0240082	2.32076	1	0.0557171	1.00000	0
267	515	84.0157	13.4793	498.635	80	80.1766	76.3018	1
6156	4794	0.935446	0.274933	6.80490	2	0.935446	2.00000	0
6156	4879	0.0680500	0.0240082	2.83445	1	0.0680500	1.00000	0
6156	4368	0.162512	0.0441942	3.67722	1	0.162512	1.00000	0
6156	3631	0.646797	0.165879	3.89920	1	0.646797	1.00000	0
6156	6155	83.1811	13.0347	293.548	46	76.6931	42.3933	1
6156	19378	0.0643786	0.0240082	2.68153	1	0.0643786	1.00000	0
6156	460	0.0733531	0.0240082	3.05534	1	0.0733531	1.00000	0
6156	515	0.0410062	0.0252342	1.62502	1	0.0410062	1.00000	0
956	2704	0.379898	0.109583	3.46674	1	0.379898	1.00000	0
956	573	0.432206	0.125000	3.45765	1	0.432206	1.00000	0
956	10837	0.417086	0.123104	3.38809	1	0.417086	1.00000	0
956	10812	0.362528	0.125000	2.90022	1	0.362528	1.00000	0
956	3631	0.133286	0.0500934	2.66076	1	0.133286	1.00000	1
956	3574	0.335628	0.112217	2.99089	1	0.335628	1.00000	0
4161	3229	0.324904	0.0701588	4.63097	1	0.324904	1.00000	0
2704	10837	0.407502	0.122684	3.32157	1	0.407502	1.00000	0
2704	3574	1.45824	0.435203	6.70142	2	0.205603	0.281988	0
2398	110523	0.282371	0.0867444	3.25521	1	0.282371	1.00000	0
534	3157	1.05324	0.316927	3.32328	1	1.05324	1.00000	0
2355	1052	0.469645	0.189688	2.47588	1	0.469645	1.00000	0
2355	3129	0.0957764	0.0192437	4.97701	1	0.0957764	1.00000	0
2355	3400	0.452157	0.189688	2.38369	1	0.452157	1.00000	0
573	1594	0.0879331	0.0240082	3.66263	1	0.0879331	1.00000	0
573	18898	0.684277	0.195100	14.0292	4	0.568703	3.34131	1
573	4794	0.120258	0.0713707	1.68498	1	0.120258	1.00000	0
573	4879	0.492748	0.169466	8.72296	3	0.0547270	0.377814	0
573	10812	1.78541	0.389109	22.9423	5	1.75294	4.85895	1
573	4804	0.0625686	0.0240082	2.60614	1	0.0625686	1.00000	0
573	179156	0.121382	0.0249332	4.86829	1	0.121382	1.00000	0
573	4318	0.0623220	0.0240082	2.59587	1	0.0623220	1.00000	0
573	5843	0.0707491	0.0192437	3.67647	1	0.0707491	1.00000	0
573	124	0.0736271	0.0240082	3.06675	1	0.0736271	1.00000	0
573	19378	0.0661360	0.0240082	2.75473	1	0.0661360	1.00000	0
573	11096	0.210842	0.0855654	4.92820	2	0.00488081	0.0462983	0
573	490	1.01828	0.463711	15.3716	7	0.975136	6.63351	0
573	1773	0.623615	0.202108	9.25667	3	0.607909	2.92227	0
573	5236	0.0879274	0.0320364	2.74461	1	0.0879274	1.00000	0
573	15505	0.0657766	0.0240082	2.73976	1	0.0657766	1.00000	0
573	515	51.3421	8.24751	367.285	59	46.8323	53.8609	1
10467	5479	0.434795	0.193997	2.24124	1	0.434795	1.00000	0
10467	4864	0.281904	0.109461	2.57539	1	0.281904	1.00000	0
10467	3074	0.561696	0.166667	3.37017	1	0.561696	1.00000	0
10467	633	0.249200	0.109461	2.27662	1	0.249200	1.00000	0
10467	6278	0.192454	0.109461	1.75820	1	0.192454	1.00000	0
4820	170	1.98110	0.675249	2.93388	1	1.98110	1.00000	0
29557	5479	0.0570031	0.0245546	2.32148	1	0.0570031	1.00000	0
29557	5808	0.369351	0.115356	3.20184	1	0.369351	1.00000	0
4930	4923	0.172246	0.0377766	4.55960	1	0.172246	1.00000	0
4466	4794	0.101636	0.0226691	4.48347	1	0.101636	1.00000	0
4466	124	0.652948	0.209987	3.10947	1	0.652948	1.00000	0
4466	5556	1.89414	0.788167	2.40322	1	1.89414	1.00000	0
5479	3440	0.613365	0.124827	4.91372	1	0.613365	1.00000	0
5479	4368	0.145867	0.0837470	1.74176	1	0.145867	1.00000	0
5479	4669	1.86070	1.22180	4.56874	3	1.51350	2.32577	0
5479	10938	0.289642	0.112327	2.57856	1	0.289642	1.00000	0
5479	124	0.318362	0.130563	2.43837	1	0.318362	1.00000	0
5479	5808	0.316531	0.115356	2.74394	1	0.316531	1.00000	0
4947	10938	0.119936	0.0457952	2.61896	1	0.119936	1.00000	0
4947	39452	0.113511	0.0457952	2.47867	1	0.113511	1.00000	0
111011	110523	0.359896	0.110109	3.26853	1	0.359896	1.00000	0
1594	124	0.100120	0.0240082	4.17024	1	0.100120	1.00000	0
1594	15505	0.0922693	0.0240082	3.84324	1	0.0922693	1.00000	0
19955	109773	62.6276	11.0499	136.025	24	57.9227	22.1732	1
10393	10410	360.769	56.1856	937.469	146	349.776	141.435	1
10393	10368	1.80668	0.569877	3.17030	1	1.80668	1.00000	1
10393	158	34.5720	5.42065	114.801	18	20.7730	10.6239	1
10393	4717	0.103929	0.0226691	4.58461	1	0.103929	1.00000	0
10393	3425	1.59722	0.514567	6.20802	2	1.59722	2.00000	0
19603	39727	2.14095	0.529134	4.04615	1	2.14095	1.00000	1
18898	10222	1.86240	0.419974	4.43457	1	1.86240	1.00000	0
18898	10812	1.45555	0.573609	10.1501	4	1.36991	3.72473	0
18898	3155	0.115649	0.0506724	2.28229	1	0.115649	1.00000	0
18898	3574	0.0811294	0.0506724	1.60106	1	0.0811294	1.00000	0
18898	490	0.380848	0.145094	5.24966	2	0.380848	2.00000	0
18898	515	0.491677	0.364613	2.69698	2	0.491677	2.00000	0
4489	460	0.0777808	0.0193016	4.02977	1	0.0777808	1.00000	0
39561	39613	0.554865	0.179493	3.09128	1	0.554865	1.00000	0
113659	4730	1.07004	0.291590	3.66967	1	1.07004	1.00000	0
49383	1786	0.387830	0.0756817	10.2490	2	0.00963771	0.0497007	1
4794	10812	0.154522	0.0833783	1.85326	1	0.154522	1.00000	0
4794	6155	0.0725784	0.0249332	2.91092	1	0.0725784	1.00000	0
4794	4678	0.171091	0.126609	2.70267	2	0.0548269	0.640909	0
4794	4318	0.0425241	0.0240082	1.77124	1	0.0425241	1.00000	0
4794	3574	0.0267091	0.0240082	1.11250	1	0.0267091	1.00000	0
4794	211	2.03615	1.96581	6.21468	6	0.343118	1.15675	0
4794	515	0.182777	0.149008	2.45325	2	0.0586135	0.641365	0
19401	3353	0.194014	0.0580483	3.34228	1	0.194014	1.00000	0
3012	584	3.38884	1.11246	6.09248	2	3.38883	2.00000	0
3012	19769	0.489597	0.160835	3.04409	1	0.489597	1.00000	0
4730	4669	1.30216	0.363708	3.58025	1	1.30216	1.00000	0
4730	4738	7.43134	1.68547	26.4544	6	6.43709	5.29296	0
4730	3228	1.89577	0.564645	10.0724	3	0.412362	0.664897	0
4730	2685	1.32311	0.392572	6.74074	2	0.258021	0.390021	0
4730	11957	2.39309	0.529134	4.52266	1	2.39309	1.00000	0
4749	11074	0.416478	0.246112	1.69223	1	0.416478	1.00000	0
4749	3425	1.93038	0.569877	3.38737	1	1.93038	1.00000	0
2357	121693	0.133168	0.0351678	3.78663	1	0.133168	1.00000	0
2357	1394	8.45255	2.17729	19.4107	5	6.37683	3.78366	1
10837	10812	26.8752	5.34186	130.808	26	21.0239	19.5425	1
10837	2319	0.365189	0.110274	3.31165	1	0.365189	1.00000	0
10837	323	1.56057	0.333333	4.68170	1	1.56057	1.00000	0
10837	3667	0.280579	0.117851	2.38080	1	0.280579	1.00000	0
4879	4368	0.133499	0.0249332	5.35428	1	0.133499	1.00000	0
4879	4678	0.167033	0.0661656	5.04894	2	0.0569813	0.682275	0
4879	4804	0.124560	0.0421574	2.95464	1	0.124560	1.00000	0
4879	4318	0.429042	0.142857	3.00329	1	0.429042	1.00000	0
4879	4738	0.574612	0.136697	4.20356	1	0.574612	1.00000	0
4879	49415	0.106262	0.0193016	5.50535	1	0.106262	1.00000	0
4879	19378	0.0745030	0.0240082	3.10324	1	0.0745030	1.00000	0
4879	531	0.509173	0.135457	7.51785	2	0.0643293	0.252681	0
4879	490	0.821838	0.249645	9.87608	3	0.0611096	0.189727	0
4879	4141	0.186096	0.0565936	3.28829	1	0.186096	1.00000	0
4879	211	0.190985	0.0833333	2.29182	1	0.190985	1.00000	0
4879	460	0.230065	0.0489414	9.40166	2	0.00505357	0.0439316	0
4879	3129	0.127234	0.0419323	3.03427	1	0.127234	1.00000	0
4879	3446	0.961028	0.481934	1.99411	1	0.961028	1.00000	0
19585	3574	1.36831	0.382552	3.57681	1	1.36831	1.00000	0
19585	490	0.896234	0.288675	3.10465	1	0.896234	1.00000	0
19031	6311	0.794125	0.503102	1.57846	1	0.794125	1.00000	0
10410	10368	1.10329	0.333333	3.30988	1	1.10329	1.00000	0
10410	4753	1.54838	0.500000	3.09677	1	1.54838	1.00000	0
10410	158	15.6380	2.61511	59.7986	10	8.17418	5.77804	1
10410	3999	0.0968664	0.0243316	3.98110	1	0.0968664	1.00000	0
3440	3631	0.109722	0.0258277	4.24821	1	0.109722	1.00000	0
3440	4669	2.32381	0.731808	6.35088	2	1.74617	1.50285	1
3440	158	0.0701619	0.0193016	3.63504	1	0.0701619	1.00000	0
3440	4815	0.117750	0.0381639	3.08537	1	0.117750	1.00000	0
3440	3129	0.112464	0.0258277	4.35438	1	0.112464	1.00000	0
116441	100174	0.387098	0.116073	3.33495	1	0.387098	1.00000	0
10368	4753	1.56089	0.333333	4.68266	1	1.56089	1.00000	0
10368	158	0.639387	0.174145	3.67158	1	0.639387	1.00000	1
10368	1346	0.0801372	0.0193016	4.15185	1	0.0801372	1.00000	0
10368	10367	10.5147	2.34603	31.3734	7	7.60586	5.00442	1
10812	4368	0.0766163	0.0193016	3.96944	1	0.0766163	1.00000	0
10812	6155	0.993721	0.223321	4.44974	1	0.993721	1.00000	0
10812	3155	0.109720	0.0405511	2.70573	1	0.109720	1.00000	0
10812	4678	0.195995	0.0381461	5.13801	1	0.195995	1.00000	0
10812	4804	0.0548285	0.0240082	2.28374	1	0.0548285	1.00000	0
10812	490	2.99779	0.585590	15.3578	3	2.98868	2.98483	0
10812	4141	0.0628594	0.0240082	2.61825	1	0.0628594	1.00000	0
10812	1773	1.00626	0.259294	3.88078	1	1.00626	1.00000	0
10812	3129	1.90660	0.678111	2.81163	1	1.90660	1.00000	0
10812	3667	0.546913	0.214412	5.10151	2	0.0477855	0.174746	0
10812	4390	0.0687614	0.0240082	2.86408	1	0.0687614	1.00000	0
10812	49304	0.906749	0.199052	4.55534	1	0.906749	1.00000	0
10812	515	2.41793	0.992957	14.6105	6	2.21923	5.77851	0
4806	4864	0.458693	0.129614	3.53891	1	0.458693	1.00000	0
4368	124	0.0562164	0.0245546	2.28944	1	0.0562164	1.00000	0
4368	1388	0.179294	0.0441942	4.05696	1	0.179294	1.00000	0
4368	3074	2.00856	0.500000	4.01713	1	2.00856	1.00000	0
4368	4815	0.0781636	0.0193016	4.04960	1	0.0781636	1.00000	0
4368	4141	0.195513	0.0441942	4.42395	1	0.195513	1.00000	0
4368	1120	0.0804879	0.0476410	1.68947	1	0.0804879	1.00000	0
4368	515	0.0779448	0.0252342	3.08885	1	0.0779448	1.00000	0
177	4855	0.0384776	0.0264466	1.45491	1	0.0384776	1.00000	0
3631	323	0.225997	0.0979676	4.61372	2	0.211516	1.87184	0
3631	3935	5.57551	0.945530	17.6901	3	4.27317	2.00855	0
6155	14446	0.631423	0.232846	2.71177	1	0.631423	1.00000	0
6155	323	0.105060	0.0249332	4.21366	1	0.105060	1.00000	0
6155	5236	4.23341	1.15035	14.7204	4	4.18790	3.92107	1
6155	515	0.158035	0.0547727	2.88529	1	0.158035	1.00000	0
4929	323	0.170511	0.0478742	3.56164	1	0.170511	1.00000	0
4929	515	0.301883	0.129206	2.33644	1	0.301883	1.00000	0
3003	3425	0.687815	0.181311	3.79355	1	0.687815	1.00000	0
1052	3400	0.629121	0.189688	3.31662	1	0.629121	1.00000	0
4753	4923	2.63120	0.500000	5.26239	1	2.63120	1.00000	1
4753	3425	1.55384	0.379430	12.2856	3	0.951194	1.94926	0
4753	1352	0.166599	0.0384051	4.33793	1	0.166599	1.00000	0
3155	490	2.31244	0.534473	4.32658	1	2.31244	1.00000	0
3155	515	0.271988	0.129206	2.10507	1	0.271988	1.00000	0
39556	19385	2.19406	0.852477	5.14750	2	0.171185	0.156044	0
39556	10928	0.107755	0.0457952	2.35298	1	0.107755	1.00000	0
3476	4678	0.419060	0.0976327	4.29222	1	0.419060	1.00000	0
3476	4141	1.94509	0.533845	3.64356	1	1.94509	1.00000	0
2344	5808	0.125705	0.0311299	4.03808	1	0.125705	1.00000	0
4535	10683	12.4800	2.35867	26.4555	5	12.0367	4.83426	1
4678	486	2.67413	0.619625	17.2629	4	1.20097	1.92904	0
4678	4717	1.10604	0.278863	3.96623	1	1.10604	1.00000	1
4678	1414	0.174211	0.0381461	4.56694	1	0.174211	1.00000	0
4678	4738	3.52440	0.936199	7.52917	2	0.397575	0.225613	1
4678	124	0.0644276	0.0240082	2.68357	1	0.0644276	1.00000	0
4678	19378	0.909538	0.382331	14.2736	6	0.217975	1.46697	0
4678	1388	1.64535	0.738691	11.1369	5	0.295316	1.12868	0
4678	3229	1.62873	0.506355	6.43316	2	1.62873	2.00000	0
4678	531	1.81776	0.791865	9.18218	4	0.595549	1.34087	0
4678	11096	0.502117	0.238187	6.32423	3	0.170888	0.962790	0
4678	490	2.11659	1.16716	7.25382	4	0.585565	1.17709	0
4678	4141	0.0614000	0.0240082	2.55746	1	0.0614000	1.00000	0
4678	460	0.0659110	0.0240082	2.74536	1	0.0659110	1.00000	0
4678	4690	5.78841	1.46279	19.7855	5	4.63109	4.05812	1
2319	3574	0.531688	0.209987	2.53201	1	0.531688	1.00000	0
4669	4738	0.214465	0.0419323	5.11454	1	0.214465	1.00000	1
4669	4390	0.0770497	0.0193016	3.99189	1	0.0770497	1.00000	0
486	584	9.18519	1.86847	19.6636	4	4.96905	2.16997	1
486	457	0.291115	0.109461	2.65954	1	0.291115	1.00000	0
486	4864	2.84722	0.490540	29.0212	5	0.912187	1.58795	0
486	3229	0.0727884	0.0252342	2.88451	1	0.0727884	1.00000	0
486	531	0.567134	0.248071	4.57234	2	0.0844815	0.297924	0
486	490	0.173927	0.100931	3.44644	2	0.0280525	0.322578	0
486	211	1.29608	0.876378	4.43673	3	0.191970	0.385254	0
486	5808	0.883938	0.243476	10.8915	3	0.409880	1.29668	0
486	633	1.05162	0.328382	9.60726	3	0.338403	0.965381	0
486	6278	1.56791	0.580699	13.5002	5	0.451510	1.46177	0
486	515	0.953312	0.242929	11.7727	3	0.762503	2.55579	0
158	124	0.0608310	0.0193016	3.15161	1	0.0608310	1.00000	1
158	10367	0.751359	0.174145	4.31457	1	0.751359	1.00000	1
158	221	1.12088	0.258742	8.66408	2	1.00250	1.78876	0
12788	3342	0.972849	0.232627	4.18201	1	0.972849	1.00000	0
3165	3227	47.3287	9.14124	72.4850	14	41.4959	12.3004	1
4804	1388	0.0624999	0.0240082	2.60327	1	0.0624999	1.00000	0
4804	3574	0.0476351	0.0240082	1.98412	1	0.0476351	1.00000	0
4804	490	0.503501	0.224008	4.49538	2	0.0824760	0.327610	0
4804	460	0.0762387	0.0240082	3.17553	1	0.0762387	1.00000	0
4804	15505	0.298485	0.0954368	6.25513	2	0.0210811	0.141254	0
1400	175	0.790149	0.324608	4.86833	2	0.790149	2.00000	0
1400	939	1.28594	0.354801	3.62440	1	1.28594	1.00000	0
1400	19385	0.306114	0.0867444	3.52892	1	0.306114	1.00000	0
4717	3439	1.92386	0.406466	4.73315	1	1.92386	1.00000	0
4717	4761	1.65126	0.541794	3.04776	1	1.65126	1.00000	0
3167	2638	0.249286	0.0709444	3.51383	1	0.249286	1.00000	0
2638	11096	0.139437	0.0258277	5.39874	1	0.139437	1.00000	0
2638	5556	2.23556	0.500000	4.47111	1	2.23556	1.00000	0
2638	3667	0.346251	0.0738884	4.68613	1	0.346251	1.00000	0
109706	12942	1.77672	1.10358	3.21991	2	1.51617	1.70671	0
175	10938	1.02575	0.425021	4.82684	2	1.02575	2.00000	1
175	39584	0.112144	0.0457952	2.44880	1	0.112144	1.00000	0
18352	4435	1.08134	0.263902	4.09753	1	1.08134	1.00000	0
584	19769	1.61682	0.464713	3.47919	1	1.61682	1.00000	0
17205	18399	3.96687	0.853499	4.64778	1	3.96687	1.00000	1
457	10582	0.0817841	0.0193016	4.23718	1	0.0817841	1.00000	0
457	100174	0.0746197	0.0264466	2.82152	1	0.0746197	1.00000	0
457	4864	0.335247	0.134015	5.00312	2	0.205060	1.22334	0
457	5808	1.15200	0.253762	13.6190	3	0.881117	2.47434	0
457	633	0.241118	0.109461	2.20279	1	0.241118	1.00000	0
457	5556	1.60446	0.802784	5.99586	3	1.55381	2.90456	0
457	6278	0.184372	0.109461	1.68437	1	0.184372	1.00000	0
108555	3129	1.27528	0.338675	7.53098	2	0.852599	1.33712	0
10624	158371	1.36774	0.288675	4.73799	1	1.36774	1.00000	0
121693	102100	9.45289	1.61684	17.5396	3	9.43162	2.99338	1
4318	1388	1.11720	0.422711	10.5717	4	0.216057	0.773720	0
4318	3574	0.0473886	0.0240082	1.97385	1	0.0473886	1.00000	0
4318	531	0.334002	0.125000	2.67202	1	0.334002	1.00000	0
4318	11096	0.559449	0.223706	7.50246	3	0.0582440	0.316359	0
4318	490	0.349271	0.156460	4.46468	2	0.349271	2.00000	0
4318	515	0.146769	0.0702923	4.17595	2	0.0456820	0.622504	0
1346	4738	0.262581	0.0811443	3.23598	1	0.262581	1.00000	0
1346	4855	0.0777401	0.0193016	4.02766	1	0.0777401	1.00000	0
1346	5808	0.0841413	0.0245546	3.42670	1	0.0841413	1.00000	0
1430	38878	1.50434	0.452155	3.32704	1	1.50434	1.00000	1
323	1773	0.318444	0.106550	2.98867	1	0.318444	1.00000	0
323	3667	1.55576	0.503037	3.09274	1	1.55576	1.00000	0
323	5236	0.748916	0.259273	2.88852	1	0.748916	1.00000	0
10938	10928	0.102312	0.0457952	2.23411	1	0.102312	1.00000	0
170	10730	2.65321	0.750264	3.53638	1	2.65321	1.00000	0
170	3400	4.22734	0.899674	14.0962	3	0.230531	0.147399	0
19048	19769	0.968675	0.174110	5.56358	1	0.968675	1.00000	0
48879	5808	0.101173	0.0311299	3.25003	1	0.101173	1.00000	0
3999	3129	0.0798874	0.0186109	4.29251	1	0.0798874	1.00000	0
947	3935	28.6784	5.12459	78.3472	14	26.9863	13.0267	1
100174	3425	0.420020	0.0833333	5.04024	1	0.420020	1.00000	0
107180	103033	3.12695	1.03943	6.01666	2	3.12404	1.99814	1
3935	3074	0.331882	0.0785136	4.22707	1	0.331882	1.00000	0
3935	4761	0.590100	0.188725	3.12676	1	0.590100	1.00000	0
105758	112819	1.18607	0.529134	2.24153	1	1.18607	1.00000	0
39619	110073	399.161	65.7622	758.720	125	381.435	119.423	1
4864	5808	0.760208	0.218921	6.94504	2	0.129017	0.339426	0
4864	633	1.43326	0.462332	12.4003	4	0.526314	1.45275	0
4864	6278	1.48408	0.580699	12.7784	5	0.480818	1.62784	0
4864	515	0.636260	0.128762	9.88272	2	0.0375451	0.118018	0
939	10928	2.82818	0.646513	4.37452	1	2.82818	1.00000	0
19769	19835	0.563260	0.160835	3.50210	1	0.563260	1.00000	0
124	1388	0.119095	0.0249332	4.77656	1	0.119095	1.00000	0
124	3229	0.0782430	0.0209140	3.74118	1	0.0782430	1.00000	0
124	531	0.588054	0.173390	13.5660	4	0.137482	0.974053	0
124	4141	0.0827862	0.0240082	3.44825	1	0.0827862	1.00000	0
124	5556	0.658086	0.271745	2.42170	1	0.658086	1.00000	0
124	6278	0.994207	0.460375	2.15956	1	0.994207	1.00000	0
124	221	2.04825	0.538603	11.4087	3	2.01485	2.54523	0
124	15505	0.0779633	0.0240082	3.24736	1	0.0779633	1.00000	0
19378	1388	1.29990	0.259802	20.0137	4	0.341479	1.00274	0
19378	3574	0.101373	0.0441942	2.29380	1	0.101373	1.00000	0
19378	531	4.03862	0.851788	23.7067	5	0.617652	0.868037	0
19378	3342	3.05376	0.663573	4.60200	1	3.05376	1.00000	0
19378	11096	0.0638542	0.0240082	2.65968	1	0.0638542	1.00000	0
19378	490	1.20623	0.504069	11.9650	5	0.326943	1.04450	0
19378	4141	0.256695	0.0806017	6.36947	2	0.0459307	0.357862	0
19378	211	0.110672	0.0441942	2.50423	1	0.110672	1.00000	0
19378	4690	0.180942	0.0554679	6.52420	2	0.0322760	0.356755	0
1388	3574	0.0882551	0.0441942	1.99699	1	0.0882551	1.00000	0
1388	531	0.755915	0.252528	8.98019	3	0.116605	0.486709	0
1388	2964	0.318441	0.0701588	4.53885	1	0.318441	1.00000	0
1388	11096	0.329379	0.132435	4.97420	2	0.0640420	0.388865	0
1388	490	1.76967	0.806932	15.3516	7	0.461025	1.95082	0
1388	4141	0.0705308	0.0240082	2.93778	1	0.0705308	1.00000	0
1388	211	1.17810	0.533703	11.0371	5	0.298139	1.25091	0
1388	460	0.0995686	0.0314597	3.16496	1	0.0995686	1.00000	0
1388	4390	0.242779	0.0721982	3.36268	1	0.242779	1.00000	0
1388	49865	6.17449	1.69472	14.5734	4	6.07323	3.94483	1
1388	515	0.423460	0.208484	6.09343	3	0.168658	1.22251	0
3229	3574	0.173143	0.0661656	5.23362	2	0.00471449	0.0544578	0
3229	531	0.0712875	0.0209140	3.40860	1	0.0712875	1.00000	0
3229	4390	0.162987	0.0421574	3.86615	1	0.162987	1.00000	0
3229	4690	5.21376	1.10611	32.9953	7	5.08839	6.80809	1
3574	531	0.261531	0.142857	1.83072	1	0.261531	1.00000	0
3574	2964	0.0892134	0.0193016	4.62208	1	0.0892134	1.00000	0
3574	11096	3.33455	0.626663	15.9634	3	3.33455	3.00000	0
3574	490	10.2500	2.22578	27.6308	6	9.78864	5.60639	0
3574	4141	0.161229	0.0682024	4.72795	2	0.0783913	0.972424	0
3574	185	0.125601	0.0267115	4.70213	1	0.125601	1.00000	0
3574	5236	0.953640	0.453463	4.20603	2	0.00852456	0.0178779	0
3574	4690	0.0570158	0.0240082	2.37485	1	0.0570158	1.00000	0
3574	515	2.69415	0.759802	17.7293	5	2.65138	4.72468	0
531	490	1.05371	0.456045	9.24220	4	0.176833	0.632443	0
531	211	0.473485	0.210861	4.49097	2	0.100636	0.425086	0
2964	3129	0.0808970	0.0193016	4.19122	1	0.0808970	1.00000	0
4632	35	2.40847	0.671384	10.7620	3	2.40829	2.99977	1
1356	38706	1.68999	0.500000	3.37998	1	1.68999	1.00000	0
11096	490	2.44870	1.15530	8.47815	4	0.522437	1.04318	0
11096	211	0.551530	0.294194	3.74943	2	0.125873	0.456450	1
11096	185	0.120246	0.0267115	4.50165	1	0.120246	1.00000	0
11096	4690	0.0696674	0.0240082	2.90182	1	0.0696674	1.00000	0
11096	10367	0.206857	0.0467122	4.42833	1	0.206857	1.00000	0
11096	515	0.287411	0.0691274	8.31539	2	0.287411	2.00000	0
112819	152406	3.12287	0.569877	5.47991	1	3.12287	1.00000	0
490	211	1.45956	0.960280	9.11959	6	0.293292	1.02336	0
490	460	0.685270	0.242023	5.66284	2	0.685124	1.99957	0
490	5236	3.62741	1.45441	12.4704	5	3.27631	4.65227	1
490	4390	0.0677816	0.0240082	2.82327	1	0.0677816	1.00000	0
490	4690	0.325472	0.123144	7.92909	3	0.108958	1.10465	0
490	515	18.3093	3.19496	68.7682	12	17.4356	11.0675	1
3074	15505	0.777161	0.149877	5.18532	1	0.777161	1.00000	0
39648	19755	2.48284	0.906613	2.73859	1	2.48284	1.00000	0
4141	4390	0.605817	0.145458	8.32980	2	0.0371168	0.122535	0
4141	4690	0.419051	0.0784357	5.34261	1	0.419051	1.00000	0
4141	515	0.219371	0.0901738	7.29826	3	0.0244578	0.351578	0
211	3667	16.7684	8.07205	29.0828	14	15.4215	12.8389	1
211	515	0.159011	0.119321	2.66526	2	0.0226692	0.285127	0
35	19459	1.86937	0.500000	3.73874	1	1.86937	1.00000	0
5808	633	0.570197	0.128762	8.85659	2	0.353095	1.23850	0
5808	4390	0.0765549	0.0193016	3.96625	1	0.0765549	1.00000	0
5808	6278	0.290654	0.109461	2.65533	1	0.290654	1.00000	0
5808	19755	2.72070	1.38813	3.91994	2	2.69712	1.98266	0
5808	515	0.852821	0.218921	7.79113	2	0.469231	1.10042	0
1120	515	0.100651	0.0192437	5.23034	1	0.100651	1.00000	0
633	6278	0.787119	0.352936	8.92081	4	0.205499	1.01157	0
633	515	0.759105	0.218921	6.93497	2	0.418724	1.10320	0
460	4390	0.118213	0.0314597	3.75762	1	0.118213	1.00000	0
460	6278	0.0653691	0.0193016	3.38673	1	0.0653691	1.00000	0
460	221	0.136237	0.0311299	4.37641	1	0.136237	1.00000	0
3228	2685	6.47814	2.19602	26.5495	9	0.735934	1.03852	1
6278	221	1.38426	0.250000	5.53705	1	1.38426	1.00000	0
39584	10928	0.126722	0.0457952	2.76715	1	0.126722	1.00000	1
10928	39452	0.479509	0.213764	4.48635	2	0.478302	1.99496	0
2049	515	0.795203	0.343080	2.31784	1	0.795203	1.00000	0
49865	19464	4.56370	1.11431	8.19105	2	0.282629	0.123860	0
