776	2810	0.140710	0.0282004	4.98965	1	0.140710	1.00000	0
776	401	2.16263	0.529134	4.08712	1	2.16263	1.00000	0
776	573	0.434713	0.177474	2.44945	1	0.434713	1.00000	0
10971	2398	0.839262	0.250000	3.35705	1	0.839262	1.00000	1
10971	39556	1.94279	0.942974	4.12057	2	1.90000	1.95594	1
10971	175	1.50870	0.799541	1.88696	1	1.50870	1.00000	1
18931	4956	0.207464	0.118563	1.74982	1	0.207464	1.00000	0
18931	39561	1.09738	0.579497	1.89368	1	1.09738	1.00000	0
18931	1400	1.75670	0.445212	3.94576	1	1.75670	1.00000	0
18931	175	0.600693	0.412712	1.45548	1	0.600693	1.00000	0
49918	39750	1.04633	0.333333	3.13899	1	1.04633	1.00000	0
2	1174	1.36920	0.278863	4.90993	1	1.36920	1.00000	1
2	1146	1.31204	0.278863	4.70497	1	1.31204	1.00000	1
19096	588	5.77446	5.37144	11.8253	11	1.56235	3.11494	0
19096	3756	6.77606	5.31198	12.7562	10	1.49980	2.51555	0
19096	2810	5.18381	3.29935	9.42697	6	0.845388	1.17320	0
19096	19404	0.621854	0.333333	1.86556	1	0.621854	1.00000	0
19096	401	4.27885	2.26211	11.3492	6	1.31952	1.72747	1
19096	350	0.730013	0.480191	4.56077	3	0.0927807	0.411012	0
19096	521	3.41723	1.58154	6.48210	3	0.796132	0.786157	0
19096	267	0.111264	0.0815400	1.36454	1	0.111264	1.00000	0
19096	4794	5.31773	5.12344	13.4930	13	0.988741	2.02705	0
19096	4879	0.363500	0.163239	4.45360	2	0.0645021	0.354894	0
19096	4678	10.2970	5.50576	16.8321	9	2.51992	2.22558	0
19096	18352	0.669503	0.166926	4.01079	1	0.669503	1.00000	0
695	728	2.08672	0.529134	3.94365	1	2.08672	1.00000	0
695	10812	0.138176	0.0302281	4.57112	1	0.138176	1.00000	0
22	3236	0.265351	0.0535721	4.95315	1	0.265351	1.00000	0
22	2810	1.48158	0.546965	5.41744	2	0.0342771	0.0462712	0
22	3158	0.296216	0.0529619	5.59299	1	0.296216	1.00000	0
53	5604	2.63676	0.500000	5.27353	1	2.63676	1.00000	1
53	2798	1.13522	0.333333	3.40565	1	1.13522	1.00000	0
53	3328	0.138342	0.0391868	3.53032	1	0.138342	1.00000	0
53	10467	0.504639	0.195666	2.57908	1	0.504639	1.00000	0
53	486	0.609726	0.174128	3.50160	1	0.609726	1.00000	0
1174	2798	0.682253	0.144266	4.72912	1	0.682253	1.00000	1
1174	1146	1.34304	0.278863	4.81613	1	1.34304	1.00000	0
1174	4794	0.156501	0.0414153	3.77882	1	0.156501	1.00000	0
1174	3631	1.25097	0.200000	6.25484	1	1.25097	1.00000	0
1174	3165	1.45810	0.333333	4.37429	1	1.45810	1.00000	0
576	3756	0.140739	0.0427897	3.28909	1	0.140739	1.00000	0
576	2810	0.131663	0.0399388	3.29661	1	0.131663	1.00000	0
576	534	0.477624	0.363190	1.31508	1	0.477624	1.00000	0
578	4730	23.8623	4.76707	60.0678	12	17.4391	8.65218	1
11067	10812	0.424952	0.0935385	4.54307	1	0.424952	1.00000	0
756	1384	3.04792	0.955620	3.18946	1	3.04792	1.00000	1
472	3328	0.104254	0.0371619	2.80539	1	0.104254	1.00000	0
472	10467	524.477	83.2311	1216.18	193	505.514	185.920	1
472	29557	0.443837	0.195666	2.26834	1	0.443837	1.00000	0
19177	19955	2.45877	1.30789	3.75991	2	2.45863	1.99988	0
588	1108	0.0916646	0.0399388	2.29513	1	0.0916646	1.00000	0
588	3756	1.78553	1.46947	7.29053	6	0.410706	1.45740	0
588	337	8.18421	5.51345	19.2973	13	2.09827	3.20083	0
588	2810	3.03212	2.16351	11.2119	8	1.27759	2.68389	0
588	19404	1.48621	0.808567	5.51426	3	1.22040	2.04948	0
588	401	5.68082	2.01816	25.3337	9	2.92107	5.00990	1
588	350	4.44996	1.22012	14.5887	4	4.07381	3.76452	0
588	4989	1.41293	0.951202	7.42705	5	0.381182	1.41066	0
588	267	2.02668	1.09361	9.26602	5	1.70182	3.98246	0
588	6156	0.0681491	0.0399388	1.70634	1	0.0681491	1.00000	0
588	573	0.280020	0.177474	1.57781	1	0.280020	1.00000	0
588	18898	0.208454	0.131753	1.58216	1	0.208454	1.00000	0
588	4794	1.99039	2.08515	5.72733	6	0.550599	1.52096	0
588	4879	0.535685	0.182997	8.78186	3	0.0966298	0.548530	0
588	3155	3.74598	0.762890	4.91025	1	3.74598	1.00000	0
588	4678	3.53721	2.49727	11.3315	8	0.994372	2.01419	0
588	4804	3.51402	1.92189	9.14208	5	0.658900	0.921912	0
680	205	3.76670	1.70598	6.62384	3	3.63067	2.90378	1
680	49804	1.04638	0.414405	2.52503	1	1.04638	1.00000	0
1198	18898	1.37321	0.500000	2.74643	1	1.37321	1.00000	0
819	842	0.842083	0.333333	2.52625	1	0.842083	1.00000	0
819	3328	17.6271	2.79569	44.1358	7	17.1464	6.81339	1
819	267	0.924579	0.303063	6.10156	2	0.733174	1.58596	0
819	956	0.445667	0.126286	3.52901	1	0.445667	1.00000	0
819	10837	0.431617	0.176777	2.44159	1	0.431617	1.00000	0
819	10812	1.00694	0.370730	2.71610	1	1.00694	1.00000	0
819	2319	0.420502	0.126286	3.32975	1	0.420502	1.00000	0
491	551	34.1089	6.48571	105.182	20	32.5700	19.1475	1
491	2810	0.388240	0.229122	1.69447	1	0.388240	1.00000	0
491	350	0.602489	0.177474	3.39480	1	0.602489	1.00000	0
491	3340	2.48105	0.539724	9.19375	2	2.40224	1.93647	1
491	267	0.601138	0.177474	3.38719	1	0.601138	1.00000	0
1108	3756	0.277158	0.101119	5.48183	2	0.0759257	0.547887	0
1108	2810	0.107399	0.0399388	2.68909	1	0.107399	1.00000	0
1108	1827	0.558422	0.278863	2.00249	1	0.558422	1.00000	1
1108	4989	1.27773	0.224211	17.0964	3	0.205379	0.401516	0
1108	267	0.180113	0.0710357	2.53552	1	0.180113	1.00000	0
1108	6156	0.366296	0.121479	6.03062	2	0.0880427	0.480719	0
1108	205	1.70522	0.786841	4.33434	2	1.70522	2.00000	1
1108	573	0.122801	0.0399388	3.07473	1	0.122801	1.00000	0
1108	4879	0.136720	0.0399388	3.42324	1	0.136720	1.00000	0
1108	4368	0.366660	0.0815400	4.49670	1	0.366660	1.00000	0
1108	4283	0.497663	0.216486	2.29883	1	0.497663	1.00000	1
1108	4678	0.251858	0.0851701	2.95712	1	0.251858	1.00000	0
19194	109236	0.665545	0.284533	2.33908	1	0.665545	1.00000	0
551	2810	0.737563	0.371266	1.98662	1	0.737563	1.00000	0
551	3340	8.71841	1.71475	25.4218	5	7.73433	4.49981	1
551	3476	0.586760	0.150501	3.89872	1	0.586760	1.00000	0
19456	5479	2.16598	0.968489	4.47290	2	2.16183	1.99617	0
3756	337	3.03993	2.01901	10.5396	7	0.625857	1.63201	0
3756	2810	0.425810	0.260351	6.54211	4	0.0990809	0.943068	0
3756	19404	0.398423	0.173438	6.89162	3	0.0429151	0.298670	0
3756	401	1.33640	0.783799	6.82012	4	0.534653	1.49505	0
3756	350	0.369101	0.260807	2.83044	2	0.146330	0.792902	0
3756	521	0.705912	0.124749	11.3173	2	0.297627	0.843241	0
3756	4989	17.3256	4.47424	38.7229	10	16.0327	9.37966	1
3756	267	2.67088	0.541415	9.86630	2	1.38443	1.03668	0
3756	4794	1.49076	1.22740	4.85826	4	0.301182	1.01029	0
3756	4879	0.115078	0.0495354	2.32315	1	0.115078	1.00000	1
3756	4804	1.12063	0.549535	4.07846	2	0.367823	0.656458	0
337	401	2.97709	1.57665	11.3294	6	0.507943	1.02158	0
337	350	0.121558	0.0815400	1.49077	1	0.121558	1.00000	0
337	4989	1.56709	0.835456	7.50291	4	0.464761	1.20822	0
337	4794	4.00378	2.85406	11.2227	8	0.890845	1.80312	0
337	4879	0.214002	0.0833333	2.56803	1	0.214002	1.00000	0
337	486	1.30771	0.776703	6.73465	4	0.280165	0.757173	1
2810	19404	0.734227	0.333333	2.20268	1	0.734227	1.00000	0
2810	4989	2.36761	0.825882	14.3338	5	0.702824	1.36549	0
2810	267	0.0700727	0.0399388	1.75450	1	0.0700727	1.00000	0
2810	6156	0.0838836	0.0399388	2.10030	1	0.0838836	1.00000	0
2810	18898	0.228575	0.0557897	4.09708	1	0.228575	1.00000	0
2810	4794	2.30650	1.61321	7.14877	5	1.09290	1.89192	0
2810	4879	1.36642	0.539939	7.59211	3	0.245697	0.647245	0
2810	4678	1.92475	1.06082	9.07201	5	0.358718	0.966368	0
2810	486	0.623234	0.169361	3.67991	1	0.623234	1.00000	0
2810	4804	1.31191	0.583333	4.49799	2	0.286100	0.436156	0
2810	4717	2.47032	0.516917	4.77894	1	2.47032	1.00000	0
6207	130	57.7548	9.77207	130.024	22	45.5409	17.3596	1
39729	111011	1.73570	1.49356	2.32425	2	0.297387	0.342671	0
3486	16936	0.662095	0.151849	4.36023	1	0.662095	1.00000	0
3486	3003	0.801131	0.142095	5.63800	1	0.801131	1.00000	0
19404	350	15.4051	3.45655	40.1111	9	12.6818	7.50696	1
19404	1766	0.245337	0.0854561	2.87092	1	0.245337	1.00000	0
19404	267	3.56103	1.30442	10.9199	4	3.47897	3.90703	0
19404	4794	0.292727	0.166667	1.75636	1	0.292727	1.00000	0
19404	6155	4.57049	0.778078	11.7482	2	4.57049	2.00000	1
19404	4678	0.253416	0.114742	4.41715	2	0.115773	0.913698	0
19404	4804	0.105388	0.0399388	2.63875	1	0.105388	1.00000	0
401	350	2.53653	0.789940	16.0552	5	2.42641	4.60826	1
401	4989	1.94608	0.966811	10.0644	5	0.573146	1.54983	0
401	1766	0.549374	0.214742	7.67491	3	0.128570	0.693112	0
401	267	2.39014	0.774047	21.6149	7	1.55324	4.56825	1
401	956	0.514455	0.142857	3.60118	1	0.514455	1.00000	1
401	573	0.949575	0.275391	10.3443	3	0.759149	2.21070	0
401	18898	1.87485	0.300000	12.4990	2	0.0163807	0.0174741	0
401	19585	1.77293	0.606287	2.92424	1	1.77293	1.00000	0
401	4368	0.299062	0.0815400	3.66767	1	0.299062	1.00000	0
401	3155	0.859276	0.291048	2.95235	1	0.859276	1.00000	0
401	4678	4.96981	2.27621	17.4670	8	1.56924	2.32099	0
401	486	1.08730	0.581540	3.73940	2	0.424733	0.781259	0
401	4804	0.399218	0.171890	4.64505	2	0.0800247	0.400907	0
111565	118351	16.5503	5.82650	31.2457	11	13.8739	9.24355	1
3295	2305	0.912062	0.209987	4.34342	1	0.912062	1.00000	0
350	521	3.97260	1.81300	21.9118	10	2.88476	7.17165	1
350	267	135.345	37.7837	483.583	135	130.365	130.470	1
350	6156	0.125799	0.0398246	3.15883	1	0.125799	1.00000	0
350	3273	8.72952	2.17442	20.0732	5	8.72951	4.99999	1
350	573	11.9723	3.90466	70.5218	23	11.0886	21.3085	1
350	10368	0.189002	0.0414153	4.56357	1	0.189002	1.00000	0
350	10812	1.03891	0.394466	5.26744	2	1.03891	2.00000	0
350	3155	0.363102	0.177474	2.04594	1	0.363102	1.00000	0
350	4678	2.44810	1.33154	5.51564	3	0.697349	0.806989	0
350	2319	0.358198	0.138179	2.59228	1	0.358198	1.00000	0
350	486	0.357804	0.259014	2.76281	2	0.128889	0.720447	0
18584	521	1.37508	0.353553	3.88932	1	1.37508	1.00000	0
18584	4535	1.46858	0.541979	5.41931	2	0.0935963	0.127465	0
1827	49804	4.65159	1.80172	10.3270	4	4.11925	3.49944	1
1403	38201	3.99765	0.956439	4.17972	1	3.99765	1.00000	1
786	10812	0.180977	0.0414153	4.36981	1	0.180977	1.00000	0
39612	118351	1.52377	0.336015	4.53484	1	1.52377	1.00000	0
2798	3463	0.125335	0.0302281	4.14631	1	0.125335	1.00000	0
2798	1146	0.175873	0.0425193	4.13631	1	0.175873	1.00000	0
4302	3440	1.34706	0.241576	5.57615	1	1.34706	1.00000	0
4302	177	1.38695	1.22025	4.54645	4	1.20775	3.14593	1
10731	1180	0.110482	0.0282004	3.91774	1	0.110482	1.00000	0
3463	3440	0.490878	0.135015	3.63572	1	0.490878	1.00000	0
3463	10368	0.127728	0.0302281	4.22548	1	0.127728	1.00000	0
3463	4368	0.317640	0.155709	2.03996	1	0.317640	1.00000	0
2366	12788	1.33270	0.346159	3.84995	1	1.33270	1.00000	0
2366	175	2.51025	0.500000	5.02050	1	2.51025	1.00000	0
469	267	0.643547	0.177474	3.62615	1	0.643547	1.00000	0
469	573	0.736138	0.177474	4.14786	1	0.736138	1.00000	0
469	3440	1.72708	0.989628	3.49036	2	1.72708	2.00000	1
1256	4669	0.117601	0.0302281	3.89044	1	0.117601	1.00000	0
1146	3167	0.377105	0.105867	3.56207	1	0.377105	1.00000	0
1146	2638	1.66719	0.500000	3.33438	1	1.66719	1.00000	0
1146	2884	1.12811	0.349045	3.23199	1	1.12811	1.00000	0
521	4989	1.35301	0.539742	5.01354	2	0.295521	0.436836	0
521	1766	0.886572	0.279668	12.6804	4	0.167691	0.725360	0
521	267	7.69489	2.14790	46.5727	13	4.54269	8.02537	1
521	573	0.108878	0.0399388	2.72612	1	0.108878	1.00000	1
521	4879	0.245593	0.0798776	6.14925	2	0.0789972	0.643317	1
521	4535	19.9867	4.64496	34.4231	8	13.7045	5.12205	1
521	4678	0.293402	0.125228	4.68587	2	0.0954965	0.650961	0
521	175	2.97943	0.633602	4.70238	1	2.97943	1.00000	0
4989	4794	0.507964	0.359956	4.23355	3	0.125683	0.845507	0
4989	4879	1.01657	0.374154	2.71697	1	1.01657	1.00000	1
4989	4678	2.67981	1.39884	9.57871	5	0.631397	1.20799	0
4989	4804	1.96553	0.852650	6.91562	3	0.220090	0.321744	0
1766	267	0.193570	0.0815400	2.37393	1	0.193570	1.00000	0
1766	6156	0.110579	0.0399388	2.76871	1	0.110579	1.00000	0
1766	4879	1.19983	0.373272	6.42872	2	0.181338	0.302272	0
1766	4368	0.218282	0.0495354	4.40659	1	0.218282	1.00000	0
11019	18898	0.332649	0.0641945	5.18188	1	0.332649	1.00000	0
109236	111011	0.924191	0.504726	1.83107	1	0.924191	1.00000	0
1274	4730	0.154752	0.0565448	2.73679	1	0.154752	1.00000	0
1274	1776	0.162066	0.0565448	2.86615	1	0.162066	1.00000	0
267	573	68.8613	10.6295	291.524	45	62.8328	40.6638	1
267	18898	0.824102	0.684307	6.02144	5	0.791443	4.73863	0
267	4794	0.0525400	0.0399388	1.31551	1	0.0525400	1.00000	0
267	10837	0.365612	0.142857	2.55928	1	0.365612	1.00000	0
267	4879	0.322795	0.128173	5.03685	2	0.108837	0.674339	1
267	10812	3.18534	1.33452	11.9344	5	3.13687	4.58943	0
267	4368	0.256091	0.0815400	3.14068	1	0.256091	1.00000	0
267	3631	0.134988	0.0568442	2.37470	1	0.134988	1.00000	0
267	6155	0.664512	0.312908	4.24733	2	0.544010	1.63732	0
267	4678	0.622243	0.354159	7.02784	4	0.172189	1.13751	1
267	4804	0.362468	0.166667	2.17481	1	0.362468	1.00000	0
6156	4794	1.27506	0.374749	6.80490	2	1.27506	2.00000	0
6156	4879	0.113205	0.0399388	2.83445	1	0.113205	1.00000	0
6156	4368	0.299840	0.0815400	3.67722	1	0.299840	1.00000	0
6156	3631	0.730360	0.187310	3.89920	1	0.730360	1.00000	0
6156	6155	96.9450	15.1916	293.548	46	89.5857	42.3933	1
956	2704	0.479031	0.138179	3.46674	1	0.479031	1.00000	0
956	573	0.493950	0.142857	3.45765	1	0.493950	1.00000	0
956	10837	0.471431	0.139144	3.38809	1	0.471431	1.00000	0
956	10812	0.414318	0.142857	2.90022	1	0.414318	1.00000	0
956	3631	0.167313	0.0628817	2.66076	1	0.167313	1.00000	1
2704	10837	0.458972	0.138179	3.32157	1	0.458972	1.00000	0
534	3157	1.20698	0.363190	3.32328	1	1.20698	1.00000	0
2355	1052	0.652373	0.263491	2.47588	1	0.652373	1.00000	0
573	1594	0.146281	0.0399388	3.66263	1	0.146281	1.00000	0
573	18898	0.895965	0.255456	14.0292	4	0.736129	3.34131	1
573	4794	0.143711	0.0852895	1.68498	1	0.143711	1.00000	0
573	4879	0.752758	0.258889	8.72296	3	0.0843411	0.377814	0
573	10812	2.74174	0.597528	22.9423	5	2.68783	4.85895	1
573	4804	0.104086	0.0399388	2.60614	1	0.104086	1.00000	0
573	179156	0.201622	0.0414153	4.86829	1	0.201622	1.00000	0
10467	5479	0.515936	0.230201	2.24124	1	0.515936	1.00000	0
29557	5479	0.0909715	0.0391868	2.32148	1	0.0909715	1.00000	0
4930	4923	0.326550	0.0716182	4.55960	1	0.326550	1.00000	0
4466	4794	0.164576	0.0367073	4.48347	1	0.164576	1.00000	0
5479	3440	0.622249	0.126635	4.91372	1	0.622249	1.00000	0
5479	4368	0.242356	0.139144	1.74176	1	0.242356	1.00000	0
5479	4669	2.37910	1.56220	4.56874	3	1.90236	2.32577	0
10393	10410	375.866	58.5369	937.469	146	364.477	141.435	1
10393	10368	1.80668	0.569877	3.17030	1	1.80668	1.00000	1
10393	158	37.5842	5.89295	114.801	18	23.0672	10.6239	1
10393	4717	0.168289	0.0367073	4.58461	1	0.168289	1.00000	0
18898	10222	2.68862	0.606287	4.43457	1	2.68862	1.00000	0
18898	10812	1.62812	0.641615	10.1501	4	1.52813	3.72473	0
18898	3155	0.164161	0.0719284	2.28229	1	0.164161	1.00000	0
113659	4730	1.49476	0.407328	3.66967	1	1.49476	1.00000	0
49383	1786	0.589278	0.114993	10.2490	2	0.0146438	0.0497007	1
4794	10812	0.196124	0.105827	1.85326	1	0.196124	1.00000	0
4794	6155	0.120557	0.0414153	2.91092	1	0.120557	1.00000	0
4794	4678	0.222085	0.164345	2.70267	2	0.0711682	0.640909	0
3012	584	3.61463	1.18659	6.09248	2	3.61462	2.00000	0
4730	4669	1.89443	0.529134	3.58025	1	1.89443	1.00000	0
10837	10812	29.8937	5.94181	130.808	26	23.2413	19.5425	1
10837	2319	0.460796	0.139144	3.31165	1	0.460796	1.00000	0
4879	4368	0.221749	0.0414153	5.35428	1	0.221749	1.00000	0
4879	4678	0.289662	0.114742	5.04894	2	0.0988147	0.682275	0
4879	4804	0.221016	0.0748030	2.95464	1	0.221016	1.00000	0
10410	10368	1.10329	0.333333	3.30988	1	1.10329	1.00000	0
10410	4753	1.54838	0.500000	3.09677	1	1.54838	1.00000	0
10410	158	16.5675	2.77054	59.7986	10	8.72081	5.77804	1
3440	3631	0.180631	0.0425193	4.24821	1	0.180631	1.00000	0
3440	4669	2.39396	0.753897	6.35088	2	1.79888	1.50285	1
3440	158	0.109880	0.0302281	3.63504	1	0.109880	1.00000	0
10368	4753	2.34133	0.500000	4.68266	1	2.34133	1.00000	0
10368	158	1.29810	0.353553	3.67158	1	1.29810	1.00000	1
10812	4368	0.119989	0.0302281	3.96944	1	0.119989	1.00000	0
10812	6155	1.79308	0.402964	4.44974	1	1.79308	1.00000	0
10812	3155	0.137029	0.0506440	2.70573	1	0.137029	1.00000	0
10812	4678	0.292066	0.0568442	5.13801	1	0.292066	1.00000	0
10812	4804	0.0912099	0.0399388	2.28374	1	0.0912099	1.00000	0
4753	4923	2.63120	0.500000	5.26239	1	2.63120	1.00000	1
3476	4678	0.679051	0.158205	4.29222	1	0.679051	1.00000	0
4678	486	3.15236	0.730435	17.2629	4	1.59168	1.92904	0
4678	4717	1.10604	0.278863	3.96623	1	1.10604	1.00000	1
486	584	10.5379	2.14363	19.6636	4	5.49603	2.16997	1
1400	175	1.29344	0.531368	4.86833	2	1.29344	2.00000	0
3167	2638	0.339911	0.0967352	3.51383	1	0.339911	1.00000	0
