776	2810	0.108599	0.0217648	4.98965	1	0.108599	1.00000	0
776	401	2.16263	0.529134	4.08712	1	2.16263	1.00000	0
776	573	0.377613	0.154162	2.44945	1	0.377613	1.00000	0
776	14446	0.106700	0.0217648	4.90239	1	0.106700	1.00000	0
776	113789	2.33043	0.605160	3.85093	1	2.33043	1.00000	0
10971	2398	0.704936	0.209987	3.35705	1	0.704936	1.00000	1
10971	39556	1.94279	0.942974	4.12057	2	1.90000	1.95594	1
10971	175	1.50870	0.799541	1.88696	1	1.50870	1.00000	1
18931	4956	0.166246	0.0950079	1.74982	1	0.166246	1.00000	0
18931	39561	1.09738	0.579497	1.89368	1	1.09738	1.00000	0
18931	1400	1.75670	0.445212	3.94576	1	1.75670	1.00000	0
18931	175	0.539226	0.370481	1.45548	1	0.539226	1.00000	0
18931	39619	0.869684	0.304945	2.85194	1	0.869684	1.00000	0
620	12835	3.29688	0.817910	4.03086	1	3.29688	1.00000	1
49918	39750	1.04633	0.333333	3.13899	1	1.04633	1.00000	0
2	1174	0.917843	0.186936	4.90993	1	0.917843	1.00000	1
2	1146	0.879530	0.186936	4.70497	1	0.879530	1.00000	1
19096	588	5.16739	4.80675	11.8253	11	1.37891	3.11494	0
19096	3756	6.07045	4.75883	12.7562	10	1.32561	2.51555	0
19096	2810	4.99546	3.17947	9.42697	6	0.796840	1.17320	0
19096	19404	0.466390	0.250000	1.86556	1	0.466390	1.00000	0
19096	401	3.17723	1.67971	11.3492	6	0.921869	1.72747	1
19096	350	0.686708	0.451706	4.56077	3	0.0847775	0.411012	0
19096	521	3.35568	1.55305	6.48210	3	0.777290	0.786157	0
19096	267	0.0723954	0.0530549	1.36454	1	0.0723954	1.00000	0
19096	4794	5.17367	4.98464	13.4930	13	0.971037	2.02705	0
19096	4879	0.256914	0.115373	4.45360	2	0.0455886	0.354894	0
19096	4678	9.27672	4.96020	16.8321	9	2.29238	2.22558	0
19096	18352	0.457517	0.114072	4.01079	1	0.457517	1.00000	0
19096	11096	0.118249	0.0673520	1.75569	1	0.118249	1.00000	0
19096	490	6.00055	3.83535	12.5163	8	1.56987	2.09562	0
695	728	2.08672	0.529134	3.94365	1	2.08672	1.00000	0
695	10812	0.109047	0.0238557	4.57112	1	0.109047	1.00000	0
22	3236	0.186937	0.0377411	4.95315	1	0.186937	1.00000	0
22	2810	1.45453	0.536979	5.41744	2	0.0336513	0.0462712	0
22	3158	0.268843	0.0480679	5.59299	1	0.268843	1.00000	0
22	19378	0.0863714	0.0299534	2.88352	1	0.0863714	1.00000	0
53	5604	2.63676	0.500000	5.27353	1	2.63676	1.00000	1
53	2798	0.851413	0.250000	3.40565	1	0.851413	1.00000	0
53	3328	0.104018	0.0294643	3.53032	1	0.104018	1.00000	0
53	10467	0.336115	0.130324	2.57908	1	0.336115	1.00000	0
53	486	0.450625	0.128691	3.50160	1	0.450625	1.00000	0
53	457	2.22215	0.500000	4.44429	1	2.22215	1.00000	0
53	4738	1.31684	0.535878	2.45735	1	1.31684	1.00000	0
53	4864	0.831719	0.250000	3.32688	1	0.831719	1.00000	0
1174	2798	0.397798	0.0841167	4.72912	1	0.397798	1.00000	1
1174	1146	0.900309	0.186936	4.81613	1	0.900309	1.00000	0
1174	4794	0.121330	0.0321079	3.77882	1	0.121330	1.00000	0
1174	3631	1.04247	0.166667	6.25484	1	1.04247	1.00000	0
1174	3165	1.09357	0.250000	4.37429	1	1.09357	1.00000	0
1174	4738	0.319935	0.0811443	3.94279	1	0.319935	1.00000	0
576	3756	0.116026	0.0352761	3.28909	1	0.116026	1.00000	0
576	2810	0.0987450	0.0299534	3.29661	1	0.0987450	1.00000	0
576	534	0.435798	0.331385	1.31508	1	0.435798	1.00000	0
576	531	0.475411	0.120863	7.86696	2	0.107830	0.453629	0
578	4730	17.8128	3.55854	60.0678	12	13.0401	8.65218	1
578	4738	12.2929	2.80949	39.3795	9	9.29304	6.74928	1
11067	10812	0.358283	0.0788635	4.54307	1	0.358283	1.00000	0
756	1384	3.04792	0.955620	3.18946	1	3.04792	1.00000	1
472	3328	0.0875508	0.0312081	2.80539	1	0.0875508	1.00000	0
472	10467	516.498	81.9649	1216.18	193	497.859	185.920	1
472	29557	0.295618	0.130324	2.26834	1	0.295618	1.00000	0
472	4864	0.331664	0.128691	2.57721	1	0.331664	1.00000	0
1695	3439	0.111850	0.0217648	5.13904	1	0.111850	1.00000	0
19177	19955	2.45877	1.30789	3.75991	2	2.45863	1.99988	0
588	1108	0.0687470	0.0299534	2.29513	1	0.0687470	1.00000	0
588	3756	1.76016	1.44859	7.29053	6	0.402569	1.45740	0
588	337	7.43597	5.00938	19.2973	13	1.84766	3.20083	0
588	2810	2.92444	2.08668	11.2119	8	1.24328	2.68389	0
588	19404	1.46786	0.798581	5.51426	3	1.21076	2.04948	0
588	401	5.09775	1.81102	25.3337	9	2.57401	5.00990	1
588	350	3.84280	1.05364	14.5887	4	3.51790	3.76452	0
588	4989	1.30519	0.878670	7.42705	5	0.351790	1.41066	0
588	267	1.85513	1.00104	9.26602	5	1.56598	3.98246	0
588	6156	0.0511107	0.0299534	1.70634	1	0.0511107	1.00000	0
588	573	0.243239	0.154162	1.57781	1	0.243239	1.00000	0
588	18898	0.208454	0.131753	1.58216	1	0.208454	1.00000	0
588	4794	1.84822	1.93621	5.72733	6	0.517851	1.52096	0
588	4879	0.406221	0.138770	8.78186	3	0.0732556	0.548530	0
588	3155	3.30671	0.673429	4.91025	1	3.30671	1.00000	0
588	4678	3.36877	2.37835	11.3315	8	0.951121	2.01419	0
588	4804	3.29410	1.80161	9.14208	5	0.625995	0.921912	0
588	19378	0.177485	0.0898603	5.92537	3	0.0452448	0.764765	0
588	3574	5.46354	6.84361	8.78177	11	5.36639	10.8220	0
588	11096	0.0891981	0.0529524	1.68450	1	0.0891981	1.00000	0
588	490	1.83126	1.14420	8.00236	5	0.520398	1.38689	0
680	205	3.76670	1.70598	6.62384	3	3.63067	2.90378	1
680	49804	1.04638	0.414405	2.52503	1	1.04638	1.00000	0
680	4738	0.109467	0.0238557	4.58870	1	0.109467	1.00000	0
1198	18898	0.686607	0.250000	2.74643	1	0.686607	1.00000	0
1198	323	0.321941	0.0729348	4.41410	1	0.321941	1.00000	0
819	842	0.842083	0.333333	2.52625	1	0.842083	1.00000	0
819	3328	17.6271	2.79569	44.1358	7	17.1464	6.81339	1
819	267	0.807457	0.264672	6.10156	2	0.640298	1.58596	0
819	956	0.400450	0.113474	3.52901	1	0.400450	1.00000	0
819	10837	0.369166	0.151199	2.44159	1	0.369166	1.00000	0
819	10812	1.00694	0.370730	2.71610	1	1.00694	1.00000	0
819	2319	0.377838	0.113474	3.32975	1	0.377838	1.00000	0
819	323	0.445394	0.151199	2.94575	1	0.445394	1.00000	0
491	551	33.1778	6.30866	105.182	20	31.6606	19.1475	1
491	2810	0.388240	0.229122	1.69447	1	0.388240	1.00000	0
491	350	0.523351	0.154162	3.39480	1	0.523351	1.00000	0
491	3340	2.42353	0.527212	9.19375	2	2.34655	1.93647	1
491	267	0.522177	0.154162	3.38719	1	0.522177	1.00000	0
1108	3756	0.208681	0.0761354	5.48183	2	0.0571667	0.547887	0
1108	2810	0.0805476	0.0299534	2.68909	1	0.0805476	1.00000	0
1108	1827	0.558422	0.278863	2.00249	1	0.558422	1.00000	1
1108	4989	1.16779	0.204918	17.0964	3	0.193918	0.401516	0
1108	267	0.134318	0.0529743	2.53552	1	0.134318	1.00000	0
1108	6156	0.250296	0.0830084	6.03062	2	0.0601610	0.480719	0
1108	205	1.70522	0.786841	4.33434	2	1.70522	2.00000	1
1108	573	0.0920989	0.0299534	3.07473	1	0.0920989	1.00000	0
1108	4879	0.102538	0.0299534	3.42324	1	0.102538	1.00000	0
1108	4368	0.238572	0.0530549	4.49670	1	0.238572	1.00000	0
1108	4283	0.452902	0.197014	2.29883	1	0.452902	1.00000	1
1108	4678	0.220044	0.0744116	2.95712	1	0.220044	1.00000	0
1108	124	0.195300	0.0530549	3.68109	1	0.195300	1.00000	0
1108	19378	0.0979572	0.0299534	3.27032	1	0.0979572	1.00000	0
1108	1388	0.168214	0.0321079	5.23903	1	0.168214	1.00000	0
1108	3574	0.0734674	0.0299534	2.45272	1	0.0734674	1.00000	0
1108	490	0.143628	0.0529743	2.71127	1	0.143628	1.00000	0
19194	109236	0.405398	0.173315	2.33908	1	0.405398	1.00000	0
551	2810	0.737563	0.371266	1.98662	1	0.737563	1.00000	0
551	3340	8.65707	1.70269	25.4218	5	7.67299	4.49981	1
551	3476	0.586760	0.150501	3.89872	1	0.586760	1.00000	0
19456	5479	2.05482	0.918785	4.47290	2	2.05089	1.99617	0
3756	337	2.94262	1.95438	10.5396	7	0.602049	1.63201	0
3756	2810	0.343249	0.209871	6.54211	4	0.0801034	0.943068	0
3756	19404	0.339396	0.147743	6.89162	3	0.0361726	0.298670	0
3756	401	1.25131	0.733893	6.82012	4	0.506440	1.49505	0
3756	350	0.327037	0.231086	2.83044	2	0.129654	0.792902	0
3756	521	0.616971	0.109031	11.3173	2	0.260128	0.843241	0
3756	4989	16.2899	4.20679	38.7229	10	15.0148	9.37966	1
3756	267	2.62497	0.532108	9.86630	2	1.36063	1.03668	0
3756	4794	1.46624	1.20721	4.85826	4	0.295017	1.01029	0
3756	4879	0.0876010	0.0377078	2.32315	1	0.0876010	1.00000	1
3756	4804	1.09651	0.537708	4.07846	2	0.359907	0.656458	0
3756	4318	1.88883	0.435112	17.3641	4	0.440479	0.840510	0
3756	19378	2.91813	0.532108	10.9682	2	0.909002	0.623004	0
3756	1388	4.86678	0.891773	38.2020	7	1.74020	2.52142	0
3756	11096	0.185151	0.0973055	3.80556	2	0.0984305	1.06325	0
3756	490	1.13674	0.643928	7.06132	4	0.318286	0.989935	0
337	401	2.86919	1.51951	11.3294	6	0.488135	1.02158	0
337	350	0.0790929	0.0530549	1.49077	1	0.0790929	1.00000	0
337	4989	1.54268	0.822446	7.50291	4	0.456811	1.20822	0
337	4794	3.86132	2.75252	11.2227	8	0.853245	1.80312	0
337	4879	0.197541	0.0769231	2.56803	1	0.197541	1.00000	0
337	486	1.24618	0.740158	6.73465	4	0.271621	0.757173	1
337	1388	2.09606	1.00833	10.3937	5	0.488117	1.24812	0
337	11096	0.136542	0.0724456	1.88476	1	0.136542	1.00000	0
337	490	1.74466	1.03893	11.7549	7	0.519055	1.93904	0
2810	19404	0.550670	0.250000	2.20268	1	0.550670	1.00000	0
2810	4989	2.15254	0.750859	14.3338	5	0.652458	1.36549	0
2810	267	0.0525534	0.0299534	1.75450	1	0.0525534	1.00000	0
2810	6156	0.0629113	0.0299534	2.10030	1	0.0629113	1.00000	0
2810	18898	0.173390	0.0423205	4.09708	1	0.173390	1.00000	0
2810	4794	2.27794	1.59324	7.14877	5	1.08337	1.89192	0
2810	4879	1.34115	0.529953	7.59211	3	0.237911	0.647245	0
2810	4678	1.80314	0.993794	9.07201	5	0.335162	0.966368	0
2810	486	0.530485	0.144157	3.67991	1	0.530485	1.00000	0
2810	4804	1.31191	0.583333	4.49799	2	0.286100	0.436156	0
2810	4717	2.06772	0.432674	4.77894	1	2.06772	1.00000	0
2810	4318	0.864386	0.382797	6.77423	3	0.144623	0.531883	0
2810	19378	3.75406	1.47576	12.7190	5	0.710571	1.13304	0
2810	3229	0.0854627	0.0299534	2.85318	1	0.0854627	1.00000	0
2810	531	2.02898	0.870863	9.31940	4	0.293795	0.755222	0
2810	11096	0.0622571	0.0299534	2.07846	1	0.0622571	1.00000	0
2810	490	2.32988	1.22846	9.48291	5	0.446040	1.09916	0
39579	939	0.148240	0.0610733	2.42726	1	0.148240	1.00000	0
6207	130	57.5011	9.72915	130.024	22	45.3406	17.3596	1
39729	111011	1.73570	1.49356	2.32425	2	0.297387	0.342671	0
3486	16936	0.558187	0.128018	4.36023	1	0.558187	1.00000	0
3486	3003	0.639763	0.113474	5.63800	1	0.639763	1.00000	0
5604	457	0.624218	0.317759	1.96444	1	0.624218	1.00000	0
19404	350	15.4051	3.45655	40.1111	9	12.6818	7.50696	1
19404	1766	0.207985	0.0724456	2.87092	1	0.207985	1.00000	0
19404	267	3.56103	1.30442	10.9199	4	3.47897	3.90703	0
19404	4794	0.219545	0.125000	1.75636	1	0.219545	1.00000	0
19404	6155	4.57049	0.778078	11.7482	2	4.57049	2.00000	1
19404	4678	0.183104	0.0829058	4.41715	2	0.0836508	0.913698	0
19404	4804	0.0790395	0.0299534	2.63875	1	0.0790395	1.00000	0
1404	1080	6.39840	1.05658	12.1116	2	6.33995	1.98173	0
401	350	2.33628	0.727577	16.0552	5	2.24908	4.60826	1
401	4989	1.82609	0.907199	10.0644	5	0.524853	1.54983	0
401	1766	0.444671	0.173815	7.67491	3	0.105980	0.693112	0
401	267	2.23167	0.722726	21.6149	7	1.46503	4.56825	1
401	956	0.514455	0.142857	3.60118	1	0.514455	1.00000	1
401	573	0.836288	0.242536	10.3443	3	0.671820	2.21070	0
401	18898	1.80258	0.288436	12.4990	2	0.0157493	0.0174741	0
401	19585	1.77293	0.606287	2.92424	1	1.77293	1.00000	0
401	4368	0.194588	0.0530549	3.66767	1	0.194588	1.00000	0
401	3155	0.859276	0.291048	2.95235	1	0.859276	1.00000	0
401	4678	4.84022	2.21686	17.4670	8	1.53284	2.32099	0
401	486	1.03405	0.553055	3.73940	2	0.403929	0.781259	0
401	4804	0.313418	0.134947	4.64505	2	0.0628257	0.400907	0
401	4318	0.865031	0.371041	4.66272	2	0.234998	0.543328	0
401	323	0.176582	0.0558647	3.16089	1	0.176582	1.00000	1
401	124	0.278093	0.0909091	3.05902	1	0.278093	1.00000	0
401	19378	2.09277	0.731007	11.4514	4	0.726996	0.988461	0
401	1388	3.06875	1.19591	10.2641	4	0.886078	0.973171	0
401	3574	1.01219	0.612142	4.96057	3	0.977217	2.49047	0
401	490	5.34937	1.83097	20.4512	7	3.01709	3.64942	0
111565	118351	16.5503	5.82650	31.2457	11	13.8739	9.24355	1
3295	2305	0.693705	0.159714	4.34342	1	0.693705	1.00000	0
3295	457	0.154440	0.0444649	3.47330	1	0.154440	1.00000	0
350	521	3.53275	1.61226	21.9118	10	2.56709	7.17165	1
350	267	127.701	35.6497	483.583	135	122.945	130.470	1
350	6156	0.116632	0.0369224	3.15883	1	0.116632	1.00000	0
350	3273	8.70042	2.16717	20.0732	5	8.70041	4.99999	1
350	573	10.4297	3.40153	70.5218	23	9.66085	21.3085	1
350	10368	0.146527	0.0321079	4.56357	1	0.146527	1.00000	0
350	10812	1.03891	0.394466	5.26744	2	1.03891	2.00000	0
350	3155	0.315407	0.154162	2.04594	1	0.315407	1.00000	0
350	4678	2.39573	1.30305	5.51564	3	0.682073	0.806989	0
350	2319	0.358198	0.138179	2.59228	1	0.358198	1.00000	0
350	486	0.286251	0.207217	2.76281	2	0.103115	0.720447	0
350	124	0.900942	0.397172	4.53679	2	0.900942	2.00000	0
350	19378	0.664266	0.277531	4.78697	2	0.251170	0.756233	0
350	3574	0.0593899	0.0530549	1.11940	1	0.0593899	1.00000	0
350	531	0.256525	0.118440	4.33174	2	0.0476705	0.371663	0
350	11096	0.708145	0.405803	5.23513	3	0.375491	1.86997	0
350	490	0.589122	0.330505	5.34747	3	0.137071	0.802591	0
18584	521	1.37508	0.353553	3.88932	1	1.37508	1.00000	0
18584	4535	1.46858	0.541979	5.41931	2	0.0935963	0.127465	0
16936	105758	1.94202	0.453723	4.28019	1	1.94202	1.00000	0
1827	49804	4.45911	1.72717	10.3270	4	3.97293	3.49944	1
1403	38201	3.99765	0.956439	4.17972	1	3.99765	1.00000	1
1265	113789	0.676713	0.238515	2.83720	1	0.676713	1.00000	0
786	10812	0.140305	0.0321079	4.36981	1	0.140305	1.00000	0
19294	108555	29.5183	13.7756	62.1410	29	25.8935	25.4430	1
39612	118351	1.52377	0.336015	4.53484	1	1.52377	1.00000	0
2798	3463	0.0989131	0.0238557	4.14631	1	0.0989131	1.00000	0
2798	1146	0.126362	0.0305495	4.13631	1	0.126362	1.00000	0
2798	3229	0.577450	0.168233	6.86487	2	0.577450	2.00000	0
4302	3440	1.13823	0.204124	5.57615	1	1.13823	1.00000	0
4302	177	1.09724	0.965363	4.54645	4	0.963640	3.14593	1
10731	1180	0.0852688	0.0217648	3.91774	1	0.0852688	1.00000	0
3463	3440	0.361775	0.0995058	3.63572	1	0.361775	1.00000	0
3463	10368	0.100802	0.0238557	4.22548	1	0.100802	1.00000	0
3463	4368	0.254343	0.124681	2.03996	1	0.254343	1.00000	0
3463	124	0.0755254	0.0238557	3.16593	1	0.0755254	1.00000	0
130	4855	0.578393	0.333333	1.73518	1	0.578393	1.00000	0
2366	12788	1.33270	0.346159	3.84995	1	1.33270	1.00000	0
2366	175	2.51025	0.500000	5.02050	1	2.51025	1.00000	0
2366	19378	1.49387	0.569877	2.62139	1	1.49387	1.00000	0
469	267	0.559016	0.154162	3.62615	1	0.559016	1.00000	0
469	573	0.639444	0.154162	4.14786	1	0.639444	1.00000	0
469	3440	1.72708	0.989628	3.49036	2	1.72708	2.00000	1
14858	113789	1.09023	0.238515	4.57092	1	1.09023	1.00000	0
1256	4669	0.0928093	0.0238557	3.89044	1	0.0928093	1.00000	0
1146	3167	0.330535	0.0927930	3.56207	1	0.330535	1.00000	0
1146	2638	1.17888	0.353553	3.33438	1	1.17888	1.00000	0
1146	2884	0.973868	0.301322	3.23199	1	0.973868	1.00000	0
1146	18993	2.18843	0.592793	7.38344	2	0.421207	0.384941	0
521	4989	1.33043	0.530733	5.01354	2	0.290589	0.436836	0
521	1766	0.720327	0.227226	12.6804	4	0.141266	0.725360	0
521	267	7.11111	1.98495	46.5727	13	4.15972	8.02537	1
521	573	0.0816566	0.0299534	2.72612	1	0.0816566	1.00000	1
521	4879	0.184191	0.0599069	6.14925	2	0.0592466	0.643317	1
521	4535	19.9867	4.64496	34.4231	8	13.7045	5.12205	1
521	4678	0.257969	0.110105	4.68587	2	0.0839638	0.650961	0
521	175	2.97943	0.633602	4.70238	1	2.97943	1.00000	0
521	19378	1.20805	0.232108	10.4094	2	0.634474	1.05041	0
521	1388	3.53383	0.682468	25.8901	5	1.10321	1.75687	0
521	3229	0.226174	0.0660504	6.84854	2	0.00526847	0.0465877	0
521	3574	0.0995767	0.0530549	1.87686	1	0.0995767	1.00000	0
521	531	1.18248	0.416261	8.52218	3	0.314420	0.939261	0
521	490	0.594319	0.252974	4.69865	2	0.0214249	0.0720989	0
4989	4794	0.474131	0.335981	4.23355	3	0.115143	0.845507	0
4989	4879	1.01657	0.374154	2.71697	1	1.01657	1.00000	1
4989	4678	2.60305	1.35877	9.57871	5	0.613196	1.20799	0
4989	4804	1.88129	0.816105	6.91562	3	0.211938	0.321744	0
4989	4318	1.28720	0.237294	16.2734	3	0.292149	0.681687	0
4989	4738	0.711121	0.246516	2.88468	1	0.711121	1.00000	0
4989	124	0.0919299	0.0315415	2.91457	1	0.0919299	1.00000	0
4989	19378	1.29817	0.529953	7.34876	3	0.235736	0.676694	0
4989	1388	0.162220	0.0684730	4.73823	2	0.0322607	0.397739	0
4989	3229	0.155345	0.0529524	2.93368	1	0.155345	1.00000	0
4989	531	2.01674	0.590909	6.82589	2	0.760372	0.754060	0
4989	11096	0.152477	0.0724456	2.10471	1	0.152477	1.00000	0
4989	490	0.843537	0.442033	7.63325	4	0.292302	1.38219	0
1766	267	0.125949	0.0530549	2.37393	1	0.125949	1.00000	0
1766	6156	0.0829324	0.0299534	2.76871	1	0.0829324	1.00000	0
1766	4879	0.899871	0.279953	6.42872	2	0.136003	0.302272	0
1766	4368	0.166163	0.0377078	4.40659	1	0.166163	1.00000	0
1766	4318	0.390736	0.134947	5.79096	2	0.0734862	0.376142	0
1766	124	0.100330	0.0299534	3.34952	1	0.100330	1.00000	0
1766	19378	0.325569	0.0907628	7.17406	2	0.0332454	0.204229	0
1766	1388	0.684392	0.208008	9.87064	3	0.223585	1.07354	0
1766	531	0.276276	0.0830084	6.65657	2	0.131657	0.953084	0
1766	11096	0.402106	0.135961	8.87254	3	0.144903	1.07304	0
11019	18898	0.270135	0.0521306	5.18188	1	0.270135	1.00000	0
109236	111011	0.924191	0.504726	1.83107	1	0.924191	1.00000	0
1274	4730	0.113217	0.0413685	2.73679	1	0.113217	1.00000	0
1274	1776	0.118568	0.0413685	2.86615	1	0.118568	1.00000	0
1274	124	0.142788	0.0365608	3.90550	1	0.142788	1.00000	0
267	573	60.7838	9.38266	291.524	45	55.1823	40.6638	1
267	18898	0.749455	0.622323	6.02144	5	0.721470	4.73863	0
267	4794	0.0394042	0.0299534	1.31551	1	0.0394042	1.00000	0
267	10837	0.365612	0.142857	2.55928	1	0.365612	1.00000	0
267	4879	0.245057	0.0973055	5.03685	2	0.0826257	0.674339	1
267	10812	2.76258	1.15740	11.9344	5	2.72500	4.58943	0
267	4368	0.166628	0.0530549	3.14068	1	0.166628	1.00000	0
267	3631	0.110682	0.0466089	2.37470	1	0.110682	1.00000	0
267	6155	0.575877	0.271171	4.24733	2	0.471448	1.63732	0
267	4678	0.474473	0.270053	7.02784	4	0.130988	1.13751	1
267	4804	0.310687	0.142857	2.17481	1	0.310687	1.00000	0
267	4318	0.275580	0.0620614	8.88089	2	0.111416	0.808595	0
267	4738	0.119426	0.0217648	5.48714	1	0.119426	1.00000	0
267	124	2.32026	0.776165	14.9470	5	1.84176	4.13599	1
267	1388	0.917327	0.206025	17.8100	4	0.347716	1.48828	0
267	3229	0.293916	0.104993	2.79938	1	0.293916	1.00000	1
267	3574	0.418335	0.115116	10.9021	3	0.308227	2.26965	0
267	531	0.321828	0.143883	4.47346	2	0.0533710	0.331674	0
267	490	3.25642	1.83260	15.9925	9	3.09933	7.82733	0
6156	4794	1.24340	0.365441	6.80490	2	1.24340	2.00000	0
6156	4879	0.0849016	0.0299534	2.83445	1	0.0849016	1.00000	0
6156	4368	0.195094	0.0530549	3.67722	1	0.195094	1.00000	0
6156	3631	0.646797	0.165879	3.89920	1	0.646797	1.00000	0
6156	6155	87.1502	13.6567	293.548	46	80.4424	42.3933	1
6156	19378	0.0803209	0.0299534	2.68153	1	0.0803209	1.00000	0
956	2704	0.421742	0.121654	3.46674	1	0.421742	1.00000	0
956	573	0.493950	0.142857	3.45765	1	0.493950	1.00000	0
956	10837	0.471431	0.139144	3.38809	1	0.471431	1.00000	0
956	10812	0.414318	0.142857	2.90022	1	0.414318	1.00000	0
956	3631	0.146163	0.0549328	2.66076	1	0.146163	1.00000	1
956	3574	0.372248	0.124461	2.99089	1	0.372248	1.00000	0
4161	3229	0.389542	0.0841167	4.63097	1	0.389542	1.00000	0
2704	10837	0.458972	0.138179	3.32157	1	0.458972	1.00000	0
2704	3574	1.50502	0.449165	6.70142	2	0.212199	0.281988	0
534	3157	1.10129	0.331385	3.32328	1	1.10129	1.00000	0
2355	1052	0.558136	0.225429	2.47588	1	0.558136	1.00000	0
573	1594	0.109708	0.0299534	3.66263	1	0.109708	1.00000	0
573	18898	0.767157	0.218731	14.0292	4	0.634189	3.34131	1
573	4794	0.135053	0.0801515	1.68498	1	0.135053	1.00000	0
573	4879	0.618428	0.212690	8.72296	3	0.0686454	0.377814	0
573	10812	2.17410	0.473818	22.9423	5	2.13304	4.85895	1
573	4804	0.0780627	0.0299534	2.60614	1	0.0780627	1.00000	0
573	179156	0.156311	0.0321079	4.86829	1	0.156311	1.00000	0
573	4318	0.0777551	0.0299534	2.59587	1	0.0777551	1.00000	0
573	5843	0.0949906	0.0258374	3.67647	1	0.0949906	1.00000	0
573	124	0.0918598	0.0299534	3.06675	1	0.0918598	1.00000	0
573	19378	0.0825136	0.0299534	2.75473	1	0.0825136	1.00000	0
573	11096	0.256954	0.104279	4.92820	2	0.00594826	0.0462983	0
573	490	1.29412	0.589324	15.3716	7	1.24031	6.63351	0
10467	5479	0.515936	0.230201	2.24124	1	0.515936	1.00000	0
10467	4864	0.331430	0.128691	2.57539	1	0.331430	1.00000	0
10467	3074	0.674035	0.200000	3.37017	1	0.674035	1.00000	0
4820	170	1.98110	0.675249	2.93388	1	1.98110	1.00000	0
29557	5479	0.0684007	0.0294643	2.32148	1	0.0684007	1.00000	0
4930	4923	0.239676	0.0525650	4.55960	1	0.239676	1.00000	0
4466	4794	0.124455	0.0277587	4.48347	1	0.124455	1.00000	0
4466	124	0.652948	0.209987	3.10947	1	0.652948	1.00000	0
5479	3440	0.517938	0.105406	4.91372	1	0.517938	1.00000	0
5479	4368	0.145867	0.0837470	1.74176	1	0.145867	1.00000	0
5479	4669	1.97625	1.29768	4.56874	3	1.59010	2.32577	0
5479	10938	0.350396	0.135888	2.57856	1	0.350396	1.00000	0
5479	124	0.304033	0.124687	2.43837	1	0.304033	1.00000	0
4947	10938	0.159948	0.0610733	2.61896	1	0.159948	1.00000	0
1594	124	0.124913	0.0299534	4.17024	1	0.124913	1.00000	0
10393	10410	366.013	57.0024	937.469	146	354.898	141.435	1
10393	10368	1.80668	0.569877	3.17030	1	1.80668	1.00000	1
10393	158	36.7065	5.75532	114.801	18	22.6116	10.6239	1
10393	4717	0.127263	0.0277587	4.58461	1	0.127263	1.00000	0
19603	39727	2.14095	0.529134	4.04615	1	2.14095	1.00000	1
18898	10222	2.68862	0.606287	4.43457	1	2.68862	1.00000	0
18898	10812	1.56270	0.615833	10.1501	4	1.46696	3.72473	0
18898	3155	0.134741	0.0590375	2.28229	1	0.134741	1.00000	0
18898	3574	0.0945226	0.0590375	1.60106	1	0.0945226	1.00000	0
18898	490	0.459539	0.175074	5.24966	2	0.459539	2.00000	0
113659	4730	1.07004	0.291590	3.66967	1	1.07004	1.00000	0
49383	1786	0.414525	0.0808911	10.2490	2	0.0103011	0.0497007	1
4794	10812	0.181728	0.0980588	1.85326	1	0.181728	1.00000	0
4794	6155	0.0934634	0.0321079	2.91092	1	0.0934634	1.00000	0
4794	4678	0.194958	0.144271	2.70267	2	0.0624752	0.640909	0
4794	4318	0.0530546	0.0299534	1.77124	1	0.0530546	1.00000	0
4794	3574	0.0333233	0.0299534	1.11250	1	0.0333233	1.00000	0
3012	584	3.46063	1.13603	6.09248	2	3.46063	2.00000	0
3012	19769	0.723852	0.237789	3.04409	1	0.723852	1.00000	0
4730	4669	1.30216	0.363708	3.58025	1	1.30216	1.00000	0
4730	4738	7.89015	1.78953	26.4544	6	6.89590	5.29296	0
4749	11074	0.459765	0.271692	1.69223	1	0.459765	1.00000	0
2357	121693	0.142176	0.0375469	3.78663	1	0.142176	1.00000	0
10837	10812	28.5969	5.68407	130.808	26	22.2892	19.5425	1
10837	2319	0.407676	0.123104	3.31165	1	0.407676	1.00000	0
10837	323	1.56057	0.333333	4.68170	1	1.56057	1.00000	0
4879	4368	0.171915	0.0321079	5.35428	1	0.171915	1.00000	0
4879	4678	0.209293	0.0829058	5.04894	2	0.0713979	0.682275	0
4879	4804	0.156455	0.0529524	2.95464	1	0.156455	1.00000	0
4879	4318	0.429042	0.142857	3.00329	1	0.429042	1.00000	0
4879	4738	0.637734	0.151713	4.20356	1	0.637734	1.00000	0
4879	49415	0.131334	0.0238557	5.50535	1	0.131334	1.00000	0
4879	19378	0.0929526	0.0299534	3.10324	1	0.0929526	1.00000	0
4879	531	0.549613	0.146216	7.51785	2	0.0694385	0.252681	0
4879	490	0.881908	0.267892	9.87608	3	0.0642924	0.189727	0
19585	3574	1.36831	0.382552	3.57681	1	1.36831	1.00000	0
19585	490	0.896234	0.288675	3.10465	1	0.896234	1.00000	0
10410	10368	1.10329	0.333333	3.30988	1	1.10329	1.00000	0
10410	4753	1.54838	0.500000	3.09677	1	1.54838	1.00000	0
10410	158	15.9605	2.66904	59.7986	10	8.41437	5.77804	1
10410	3999	0.116655	0.0293023	3.98110	1	0.116655	1.00000	0
3440	3631	0.129781	0.0305495	4.24821	1	0.129781	1.00000	0
3440	4669	2.34849	0.739580	6.35088	2	1.76471	1.50285	1
3440	158	0.0867164	0.0238557	3.63504	1	0.0867164	1.00000	0
116441	100174	0.387098	0.116073	3.33495	1	0.387098	1.00000	0
10368	4753	2.34133	0.500000	4.68266	1	2.34133	1.00000	0
10368	158	0.968937	0.263902	3.67158	1	0.968937	1.00000	1
10368	1346	0.0990453	0.0238557	4.15185	1	0.0990453	1.00000	0
10812	4368	0.0946936	0.0238557	3.96944	1	0.0946936	1.00000	0
10812	6155	1.79308	0.402964	4.44974	1	1.79308	1.00000	0
10812	3155	0.123619	0.0456877	2.70573	1	0.123619	1.00000	0
10812	4678	0.240324	0.0467737	5.13801	1	0.240324	1.00000	0
10812	4804	0.0684059	0.0299534	2.28374	1	0.0684059	1.00000	0
10812	490	4.18275	0.817062	15.3578	3	4.17143	2.98483	0
4806	4864	0.743124	0.209987	3.53891	1	0.743124	1.00000	0
4368	124	0.0674568	0.0294643	2.28944	1	0.0674568	1.00000	0
4368	1388	0.215242	0.0530549	4.05696	1	0.215242	1.00000	0
4368	3074	2.00856	0.500000	4.01713	1	2.00856	1.00000	0
177	4855	0.0454051	0.0312081	1.45491	1	0.0454051	1.00000	0
3631	323	0.255594	0.110797	4.61372	2	0.239216	1.87184	0
3631	3935	5.57551	0.945530	17.6901	3	4.27317	2.00855	0
6155	14446	0.631423	0.232846	2.71177	1	0.631423	1.00000	0
6155	323	0.135292	0.0321079	4.21366	1	0.135292	1.00000	0
4929	323	0.198970	0.0558647	3.56164	1	0.198970	1.00000	0
4753	4923	2.63120	0.500000	5.26239	1	2.63120	1.00000	1
3155	490	2.91365	0.673429	4.32658	1	2.91365	1.00000	0
39556	19385	2.19406	0.852477	5.14750	2	0.171185	0.156044	0
3476	4678	0.497589	0.115928	4.29222	1	0.497589	1.00000	0
4678	486	2.97728	0.689865	17.2629	4	1.44812	1.92904	0
4678	4717	1.10604	0.278863	3.96623	1	1.10604	1.00000	1
4678	1414	0.213613	0.0467737	4.56694	1	0.213613	1.00000	0
4678	4738	3.52440	0.936199	7.52917	2	0.397575	0.225613	1
4678	124	0.0803821	0.0299534	2.68357	1	0.0803821	1.00000	0
4678	19378	1.03167	0.433669	14.2736	6	0.247596	1.46697	0
4678	1388	2.05631	0.923194	11.1369	5	0.368166	1.12868	0
4678	3229	0.856327	0.266223	6.43316	2	0.856327	2.00000	0
4678	531	1.87240	0.815668	9.18218	4	0.613076	1.34087	0
4678	11096	0.547476	0.259704	6.32423	3	0.183913	0.962790	0
4678	490	3.04289	1.67795	7.25382	4	0.848296	1.17709	0
2319	3574	0.531688	0.209987	2.53201	1	0.531688	1.00000	0
4669	4738	0.183810	0.0359387	5.11454	1	0.183810	1.00000	1
486	584	9.36664	1.90538	19.6636	4	5.04219	2.16997	1
486	457	0.342259	0.128691	2.65954	1	0.342259	1.00000	0
486	4864	3.83039	0.659928	29.0212	5	1.19306	1.58795	0
486	3229	0.0794129	0.0275308	2.88451	1	0.0794129	1.00000	0
486	531	0.700898	0.306582	4.57234	2	0.104407	0.297924	0
486	490	0.208273	0.120863	3.44644	2	0.0335921	0.322578	0
158	124	0.0751839	0.0238557	3.15161	1	0.0751839	1.00000	1
12788	3342	0.972849	0.232627	4.18201	1	0.972849	1.00000	0
3165	3227	47.3287	9.14124	72.4850	14	41.4959	12.3004	1
4804	1388	0.0779770	0.0299534	2.60327	1	0.0779770	1.00000	0
4804	3574	0.0594313	0.0299534	1.98412	1	0.0594313	1.00000	0
4804	490	0.629249	0.279953	4.49538	2	0.103074	0.327610	0
1400	175	1.09632	0.450387	4.86833	2	1.09632	2.00000	0
1400	939	1.91779	0.529134	3.62440	1	1.91779	1.00000	0
1400	19385	0.385697	0.109296	3.52892	1	0.385697	1.00000	0
4717	3439	1.92386	0.406466	4.73315	1	1.92386	1.00000	0
3167	2638	0.293963	0.0836588	3.51383	1	0.293963	1.00000	0
2638	11096	0.164929	0.0305495	5.39874	1	0.164929	1.00000	0
175	10938	1.06837	0.442679	4.82684	2	1.06837	2.00000	1
18352	4435	1.08134	0.263902	4.09753	1	1.08134	1.00000	0
584	19769	1.83166	0.526462	3.47919	1	1.83166	1.00000	0
457	10582	0.101081	0.0238557	4.23718	1	0.101081	1.00000	0
457	100174	0.0880541	0.0312081	2.82152	1	0.0880541	1.00000	0
457	4864	0.395635	0.158155	5.00312	2	0.241997	1.22334	0
10624	158371	1.36774	0.288675	4.73799	1	1.36774	1.00000	0
121693	102100	9.45289	1.61684	17.5396	3	9.43162	2.99338	1
4318	1388	1.20759	0.456914	10.5717	4	0.234968	0.773720	0
4318	3574	0.0591236	0.0299534	1.97385	1	0.0591236	1.00000	0
4318	531	0.334002	0.125000	2.67202	1	0.334002	1.00000	0
4318	11096	0.647683	0.258988	7.50246	3	0.0674093	0.316359	0
4318	490	0.403082	0.180565	4.46468	2	0.403082	2.00000	0
1346	4738	0.262581	0.0811443	3.23598	1	0.262581	1.00000	0
1346	4855	0.0960827	0.0238557	4.02766	1	0.0960827	1.00000	0
1430	38878	1.50434	0.452155	3.32704	1	1.50434	1.00000	1
19048	19769	0.968675	0.174110	5.56358	1	0.968675	1.00000	0
947	3935	31.8335	5.68838	78.3472	14	29.8369	13.0267	1
3935	3074	0.579324	0.137051	4.22707	1	0.579324	1.00000	0
105758	112819	1.18607	0.529134	2.24153	1	1.18607	1.00000	0
124	1388	0.153365	0.0321079	4.77656	1	0.153365	1.00000	0
124	3229	0.0899023	0.0240305	3.74118	1	0.0899023	1.00000	0
124	531	0.700120	0.206433	13.5660	4	0.163108	0.974053	0
19378	1388	1.57666	0.315116	20.0137	4	0.414600	1.00274	0
19378	3574	0.121698	0.0530549	2.29380	1	0.121698	1.00000	0
19378	531	4.97436	1.04915	23.7067	5	0.753499	0.868037	0
19378	3342	3.05376	0.663573	4.60200	1	3.05376	1.00000	0
19378	11096	0.0796667	0.0299534	2.65968	1	0.0796667	1.00000	0
19378	490	1.47020	0.614376	11.9650	5	0.411788	1.04450	0
1388	3574	0.105950	0.0530549	1.99699	1	0.105950	1.00000	0
1388	531	0.805116	0.268964	8.98019	3	0.124913	0.486709	0
1388	2964	0.381794	0.0841167	4.53885	1	0.381794	1.00000	0
1388	11096	0.381025	0.153200	4.97420	2	0.0740837	0.388865	0
1388	490	1.95326	0.890646	15.3516	7	0.512284	1.95082	0
3229	3574	0.216949	0.0829058	5.23362	2	0.00590728	0.0544578	0
3229	531	0.0819103	0.0240305	3.40860	1	0.0819103	1.00000	0
3574	531	0.261531	0.142857	1.83072	1	0.261531	1.00000	0
3574	2964	0.110263	0.0238557	4.62208	1	0.110263	1.00000	0
3574	11096	3.39863	0.638705	15.9634	3	3.39863	3.00000	0
3574	490	11.5193	2.50140	27.6308	6	11.0332	5.60639	0
531	490	1.19659	0.517881	9.24220	4	0.206502	0.632443	0
11096	490	2.50844	1.18348	8.47815	4	0.537801	1.04318	0
