776	2810	0.108599	0.0217648	4.98965	1	0.108599	1.00000	0
776	401	2.16263	0.529134	4.08712	1	2.16263	1.00000	0
776	573	0.377612	0.154162	2.44945	1	0.377612	1.00000	0
776	14446	0.106700	0.0217648	4.90239	1	0.106700	1.00000	0
776	113789	2.33043	0.605160	3.85093	1	2.33043	1.00000	0
10971	2398	0.704936	0.209987	3.35705	1	0.704936	1.00000	1
10971	39556	1.94279	0.942974	4.12057	2	1.91528	1.97797	1
10971	175	1.50870	0.799541	1.88696	1	1.50870	1.00000	1
18931	4956	0.166247	0.0950084	1.74982	1	0.166247	1.00000	0
18931	39561	1.09738	0.579497	1.89368	1	1.09738	1.00000	0
18931	1400	1.75670	0.445212	3.94576	1	1.75670	1.00000	0
18931	175	0.539226	0.370481	1.45548	1	0.539226	1.00000	0
18931	39619	0.869688	0.304946	2.85194	1	0.869688	1.00000	0
620	12835	3.29688	0.817910	4.03086	1	3.29688	1.00000	1
49918	39750	1.04633	0.333334	3.13899	1	1.04633	1.00000	0
2	1174	0.917841	0.186936	4.90993	1	0.917841	1.00000	1
2	1146	0.879528	0.186936	4.70497	1	0.879528	1.00000	1
19096	588	5.16739	4.80675	11.8253	11	0.345017	1.74087	0
19096	3756	6.07045	4.75883	12.7562	10	0.635282	1.68503	0
19096	2810	4.99546	3.17947	9.42697	6	0.603799	1.50305	0
19096	19404	0.466392	0.250001	1.86556	1	0.466392	1.00000	0
19096	401	3.17723	1.67971	11.3492	6	0.704577	1.68524	1
19096	350	0.686711	0.451707	4.56077	3	0.402935	1.20897	0
19096	521	3.35568	1.55305	6.48210	3	1.48358	1.41395	0
19096	267	0.0723952	0.0530548	1.36454	1	0.0723952	1.00000	0
19096	4794	5.17367	4.98465	13.4930	13	0.381545	1.54724	0
19096	4879	0.256914	0.115374	4.45360	2	0.142580	1.17745	0
19096	4678	9.27672	4.96020	16.8321	9	0.773883	1.66606	0
19096	18352	0.457517	0.114071	4.01079	1	0.457517	1.00000	0
19096	11096	0.118249	0.0673522	1.75569	1	0.118249	1.00000	0
19096	490	6.00055	3.83535	12.5163	8	1.13865	1.56999	0
695	728	2.08672	0.529134	3.94365	1	2.08672	1.00000	0
695	10812	0.109048	0.0238558	4.57112	1	0.109048	1.00000	0
22	3236	0.186937	0.0377409	4.95315	1	0.186937	1.00000	0
22	2810	1.45453	0.536979	5.41744	2	0.112910	1.02314	0
22	3158	0.268844	0.0480679	5.59299	1	0.268844	1.00000	0
22	19378	0.0863715	0.0299535	2.88352	1	0.0863715	1.00000	0
53	5604	2.63677	0.500000	5.27353	1	2.63677	1.00000	1
53	2798	0.851417	0.250001	3.40565	1	0.851417	1.00000	0
53	3328	0.104018	0.0294642	3.53032	1	0.104018	1.00000	0
53	10467	0.336117	0.130324	2.57908	1	0.336117	1.00000	0
53	486	0.450625	0.128691	3.50160	1	0.450625	1.00000	0
53	457	2.22215	0.500000	4.44429	1	2.22215	1.00000	0
53	4738	1.31684	0.535878	2.45735	1	1.31684	1.00000	0
53	4864	0.831723	0.250001	3.32688	1	0.831723	1.00000	0
1174	2798	0.397798	0.0841167	4.72912	1	0.397798	1.00000	1
1174	1146	0.900307	0.186936	4.81613	1	0.900307	1.00000	0
1174	4794	0.121330	0.0321080	3.77882	1	0.121330	1.00000	0
1174	3631	1.04247	0.166667	6.25484	1	1.04247	1.00000	0
1174	3165	1.09358	0.250001	4.37429	1	1.09358	1.00000	0
1174	4738	0.319934	0.0811440	3.94279	1	0.319934	1.00000	0
576	3756	0.116026	0.0352761	3.28909	1	0.116026	1.00000	0
576	2810	0.0987451	0.0299535	3.29661	1	0.0987451	1.00000	0
576	534	0.435800	0.331386	1.31508	1	0.435800	1.00000	0
576	531	0.475409	0.120862	7.86696	2	0.198927	1.22681	0
578	4730	17.8128	3.55854	60.0678	12	6.05259	3.83725	1
578	4738	12.2929	2.80950	39.3795	9	4.95519	3.38969	1
11067	10812	0.358281	0.0788632	4.54307	1	0.358281	1.00000	0
756	1384	3.04792	0.955620	3.18946	1	3.04792	1.00000	1
472	3328	0.0875507	0.0312080	2.80539	1	0.0875507	1.00000	0
472	10467	516.498	81.9649	1216.18	193	123.140	45.1717	1
472	29557	0.295619	0.130324	2.26834	1	0.295619	1.00000	0
472	4864	0.331665	0.128691	2.57721	1	0.331665	1.00000	0
1695	3439	0.111850	0.0217648	5.13904	1	0.111850	1.00000	0
19177	19955	2.45877	1.30788	3.75991	2	2.45870	1.99994	0
588	1108	0.0687471	0.0299535	2.29513	1	0.0687471	1.00000	0
588	3756	1.76016	1.44859	7.29053	6	0.392508	1.55335	0
588	337	7.43597	5.00939	19.2973	13	1.09036	1.75764	0
588	2810	2.92445	2.08668	11.2119	8	0.718983	2.02453	0
588	19404	1.46786	0.798581	5.51426	3	1.00734	2.05007	0
588	401	5.09775	1.81102	25.3337	9	3.66063	3.69710	1
588	350	3.84280	1.05364	14.5887	4	3.39110	3.64678	0
588	4989	1.30519	0.878669	7.42705	5	0.249487	1.54867	0
588	267	1.85513	1.00104	9.26602	5	1.41898	3.51304	0
588	6156	0.0511107	0.0299535	1.70634	1	0.0511107	1.00000	0
588	573	0.243238	0.154162	1.57781	1	0.243238	1.00000	0
588	18898	0.208453	0.131753	1.58216	1	0.208453	1.00000	0
588	4794	1.84822	1.93621	5.72733	6	0.259985	1.52648	0
588	4879	0.406220	0.138770	8.78186	3	0.255643	1.28270	0
588	3155	3.30671	0.673429	4.91025	1	3.30671	1.00000	0
588	4678	3.36878	2.37836	11.3315	8	1.62912	1.72461	0
588	4804	3.29410	1.80161	9.14208	5	0.373102	1.40633	0
588	19378	0.177485	0.0898604	5.92537	3	0.0829548	1.40217	0
588	3574	5.46354	6.84361	8.78177	11	4.97468	10.1857	0
588	11096	0.0891982	0.0529525	1.68450	1	0.0891982	1.00000	0
588	490	1.83126	1.14420	8.00236	5	0.717925	1.65412	0
680	205	3.76670	1.70598	6.62384	3	3.57246	2.90378	1
680	49804	1.04638	0.414404	2.52503	1	1.04638	1.00000	0
680	4738	0.109467	0.0238558	4.58870	1	0.109467	1.00000	0
1198	18898	0.686610	0.250001	2.74643	1	0.686610	1.00000	0
1198	323	0.321941	0.0729348	4.41410	1	0.321941	1.00000	0
819	842	0.842085	0.333334	2.52625	1	0.842085	1.00000	0
819	3328	17.6271	2.79569	44.1358	7	15.7975	6.44689	1
819	267	0.807455	0.264672	6.10156	2	0.711963	1.79298	0
819	956	0.400448	0.113473	3.52901	1	0.400448	1.00000	0
819	10837	0.369166	0.151199	2.44159	1	0.369166	1.00000	0
819	10812	1.00694	0.370730	2.71610	1	1.00694	1.00000	0
819	2319	0.377836	0.113473	3.32975	1	0.377836	1.00000	0
819	323	0.445394	0.151199	2.94575	1	0.445394	1.00000	0
491	551	33.1778	6.30867	105.182	20	23.7971	14.3741	1
491	2810	0.388241	0.229122	1.69447	1	0.388241	1.00000	0
491	350	0.523350	0.154162	3.39480	1	0.523350	1.00000	0
491	3340	2.42353	0.527212	9.19375	2	2.41588	1.96824	1
491	267	0.522176	0.154162	3.38719	1	0.522176	1.00000	0
1108	3756	0.208681	0.0761353	5.48183	2	0.162589	1.27394	0
1108	2810	0.0805477	0.0299535	2.68909	1	0.0805477	1.00000	0
1108	1827	0.558424	0.278864	2.00249	1	0.558424	1.00000	1
1108	4989	1.16779	0.204919	17.0964	3	0.337399	1.20224	0
1108	267	0.134317	0.0529742	2.53552	1	0.134317	1.00000	0
1108	6156	0.250296	0.0830083	6.03062	2	0.128771	1.24036	0
1108	205	1.70522	0.786841	4.33434	2	1.70522	2.00000	1
1108	573	0.0920990	0.0299535	3.07473	1	0.0920990	1.00000	0
1108	4879	0.102538	0.0299535	3.42324	1	0.102538	1.00000	0
1108	4368	0.238571	0.0530548	4.49670	1	0.238571	1.00000	0
1108	4283	0.452901	0.197014	2.29883	1	0.452901	1.00000	1
1108	4678	0.220044	0.0744119	2.95712	1	0.220044	1.00000	0
1108	124	0.195299	0.0530548	3.68109	1	0.195299	1.00000	0
1108	19378	0.0979573	0.0299535	3.27032	1	0.0979573	1.00000	0
1108	1388	0.168215	0.0321080	5.23903	1	0.168215	1.00000	0
1108	3574	0.0734675	0.0299535	2.45272	1	0.0734675	1.00000	0
1108	490	0.143627	0.0529742	2.71127	1	0.143627	1.00000	0
19194	109236	0.405399	0.173316	2.33908	1	0.405399	1.00000	0
551	2810	0.737564	0.371267	1.98662	1	0.737564	1.00000	0
551	3340	8.65707	1.70269	25.4218	5	6.61151	4.15269	1
551	3476	0.586759	0.150500	3.89872	1	0.586759	1.00000	0
19456	5479	2.05482	0.918785	4.47290	2	2.05267	1.99809	0
3756	337	2.94262	1.95439	10.5396	7	0.421501	1.67815	0
3756	2810	0.343249	0.209871	6.54211	4	0.105797	1.39430	0
3756	19404	0.339396	0.147743	6.89162	3	0.170161	1.15067	0
3756	401	1.25131	0.733894	6.82012	4	0.387148	1.78556	0
3756	350	0.327037	0.231085	2.83044	2	0.261333	1.39645	0
3756	521	0.616971	0.109031	11.3173	2	0.511886	1.42162	0
3756	4989	16.2899	4.20679	38.7229	10	11.9415	8.02889	1
3756	267	2.62497	0.532108	9.86630	2	1.43692	1.51834	0
3756	4794	1.46624	1.20721	4.85826	4	0.635957	1.50801	0
3756	4879	0.0876008	0.0377077	2.32315	1	0.0876008	1.00000	1
3756	4804	1.09651	0.537708	4.07846	2	0.411562	1.32823	0
3756	4318	1.88883	0.435112	17.3641	4	0.354069	1.38178	0
3756	19378	2.91813	0.532108	10.9682	2	2.79689	1.31150	0
3756	1388	4.86679	0.891774	38.2020	7	0.931746	1.97997	0
3756	11096	0.185151	0.0973057	3.80556	2	0.125126	1.53162	0
3756	490	1.13674	0.643928	7.06132	4	0.245687	1.47345	0
337	401	2.86920	1.51951	11.3294	6	0.768060	1.37059	0
337	350	0.0790926	0.0530548	1.49077	1	0.0790926	1.00000	0
337	4989	1.54269	0.822447	7.50291	4	0.418644	1.49022	0
337	4794	3.86133	2.75252	11.2227	8	0.420540	1.53525	0
337	4879	0.197541	0.0769230	2.56803	1	0.197541	1.00000	0
337	486	1.24618	0.740160	6.73465	4	0.663058	1.38405	1
337	1388	2.09606	1.00833	10.3937	5	0.683758	1.57069	0
337	11096	0.136542	0.0724456	1.88476	1	0.136542	1.00000	0
337	490	1.74466	1.03893	11.7549	7	0.477658	1.71336	0
2810	19404	0.550673	0.250001	2.20268	1	0.550673	1.00000	0
2810	4989	2.15254	0.750859	14.3338	5	0.688403	1.67568	0
2810	267	0.0525535	0.0299535	1.75450	1	0.0525535	1.00000	0
2810	6156	0.0629114	0.0299535	2.10030	1	0.0629114	1.00000	0
2810	18898	0.173391	0.0423207	4.09708	1	0.173391	1.00000	0
2810	4794	2.27794	1.59324	7.14877	5	0.736544	1.86675	0
2810	4879	1.34116	0.529956	7.59211	3	0.283467	1.32823	0
2810	4678	1.80314	0.993795	9.07201	5	0.266526	1.35777	0
2810	486	0.530486	0.144157	3.67991	1	0.530486	1.00000	0
2810	4804	1.31192	0.583335	4.49799	2	0.872282	1.21808	0
2810	4717	2.06772	0.432673	4.77894	1	2.06772	1.00000	0
2810	4318	0.864387	0.382798	6.77423	3	0.519557	1.27486	0
2810	19378	3.75406	1.47576	12.7190	5	0.654829	1.54400	0
2810	3229	0.0854628	0.0299535	2.85318	1	0.0854628	1.00000	0
2810	531	2.02898	0.870863	9.31940	4	0.444646	1.37922	0
2810	11096	0.0622571	0.0299535	2.07846	1	0.0622571	1.00000	0
2810	490	2.32988	1.22847	9.48291	5	0.363629	1.48970	0
39579	939	0.148241	0.0610733	2.42726	1	0.148241	1.00000	0
6207	130	57.5012	9.72915	130.024	22	21.4603	7.89844	1
39729	111011	1.73570	1.49356	2.32425	2	0.944927	1.17134	0
3486	16936	0.558185	0.128017	4.36023	1	0.558185	1.00000	0
3486	3003	0.639761	0.113473	5.63800	1	0.639761	1.00000	0
5604	457	0.624220	0.317760	1.96444	1	0.624220	1.00000	0
19404	350	15.4051	3.45655	40.1111	9	8.81922	5.31603	1
19404	1766	0.207985	0.0724456	2.87092	1	0.207985	1.00000	0
19404	267	3.56103	1.30442	10.9199	4	3.43657	3.86054	0
19404	4794	0.219546	0.125000	1.75636	1	0.219546	1.00000	0
19404	6155	4.57050	0.778079	11.7482	2	4.57050	2.00000	1
19404	4678	0.183104	0.0829060	4.41715	2	0.147172	1.45685	0
19404	4804	0.0790396	0.0299535	2.63875	1	0.0790396	1.00000	0
1404	1080	6.39839	1.05658	12.1116	2	6.37074	1.99087	0
401	350	2.33628	0.727577	16.0552	5	2.20279	4.21651	1
401	4989	1.82609	0.907201	10.0644	5	0.297434	1.69917	0
401	1766	0.444670	0.173815	7.67491	3	0.146203	1.36255	0
401	267	2.23167	0.722727	21.6149	7	0.887863	3.54055	1
401	956	0.514455	0.142857	3.60118	1	0.514455	1.00000	1
401	573	0.836287	0.242536	10.3443	3	0.588873	2.21070	0
401	18898	1.80258	0.288435	12.4990	2	0.563600	1.00874	0
401	19585	1.77293	0.606287	2.92424	1	1.77293	1.00000	0
401	4368	0.194588	0.0530548	3.66767	1	0.194588	1.00000	0
401	3155	0.859274	0.291047	2.95235	1	0.859274	1.00000	0
401	4678	4.84023	2.21686	17.4670	8	0.861914	1.65558	0
401	486	1.03405	0.553055	3.73940	2	0.973598	1.39063	0
401	4804	0.313417	0.134947	4.64505	2	0.118448	1.20045	0
401	4318	0.865033	0.371042	4.66272	2	0.299027	1.27166	0
401	323	0.176582	0.0558648	3.16089	1	0.176582	1.00000	1
401	124	0.278091	0.0909087	3.05902	1	0.278091	1.00000	0
401	19378	2.09277	0.731008	11.4514	4	1.50833	1.48855	0
401	1388	3.06875	1.19591	10.2641	4	1.53191	1.49517	0
401	3574	1.01219	0.612142	4.96057	3	0.967492	2.49048	0
401	490	5.34937	1.83097	20.4512	7	1.72158	2.78583	0
111565	118351	16.5503	5.82650	31.2457	11	9.19072	6.17365	1
3295	2305	0.693706	0.159714	4.34342	1	0.693706	1.00000	0
3295	457	0.154439	0.0444647	3.47330	1	0.154439	1.00000	0
350	521	3.53275	1.61226	21.9118	10	1.31863	3.69915	1
350	267	127.701	35.6497	483.583	135	39.3812	44.2051	1
350	6156	0.116631	0.0369223	3.15883	1	0.116631	1.00000	0
350	3273	8.70042	2.16717	20.0732	5	8.70039	4.99999	1
350	573	10.4296	3.40153	70.5218	23	5.36342	12.0431	1
350	10368	0.146527	0.0321080	4.56357	1	0.146527	1.00000	0
350	10812	1.03891	0.394466	5.26744	2	1.03891	2.00000	0
350	3155	0.315407	0.154162	2.04594	1	0.315407	1.00000	0
350	4678	2.39573	1.30306	5.51564	3	1.96109	1.42614	0
350	2319	0.358200	0.138180	2.59228	1	0.358200	1.00000	0
350	486	0.286251	0.207217	2.76281	2	0.239361	1.36022	0
350	124	0.900945	0.397173	4.53679	2	0.900945	2.00000	0
350	19378	0.664268	0.277532	4.78697	2	0.623290	1.37812	0
350	3574	0.0593897	0.0530548	1.11940	1	0.0593897	1.00000	0
350	531	0.256525	0.118439	4.33174	2	0.207977	1.18583	0
350	11096	0.708145	0.405804	5.23513	3	0.435437	1.93992	0
350	490	0.589124	0.330506	5.34747	3	0.204280	1.42365	0
18584	521	1.37508	0.353554	3.88932	1	1.37508	1.00000	0
18584	4535	1.46858	0.541980	5.41931	2	0.799072	1.06373	0
16936	105758	1.94202	0.453723	4.28019	1	1.94202	1.00000	0
1827	49804	4.45911	1.72717	10.3270	4	3.54796	3.27112	1
1403	38201	3.99765	0.956439	4.17972	1	3.99765	1.00000	1
1265	113789	0.676709	0.238513	2.83720	1	0.676709	1.00000	0
786	10812	0.140306	0.0321080	4.36981	1	0.140306	1.00000	0
19294	108555	29.5183	13.7756	62.1410	29	10.5235	10.1257	1
39612	118351	1.52377	0.336015	4.53484	1	1.52377	1.00000	0
2798	3463	0.0989133	0.0238558	4.14631	1	0.0989133	1.00000	0
2798	1146	0.126362	0.0305494	4.13631	1	0.126362	1.00000	0
2798	3229	0.577450	0.168233	6.86487	2	0.577450	2.00000	0
4302	3440	1.13822	0.204124	5.57615	1	1.13822	1.00000	0
4302	177	1.09724	0.965363	4.54645	4	0.965240	2.88122	1
10731	1180	0.0852690	0.0217648	3.91774	1	0.0852690	1.00000	0
3463	3440	0.361775	0.0995057	3.63572	1	0.361775	1.00000	0
3463	10368	0.100802	0.0238558	4.22548	1	0.100802	1.00000	0
3463	4368	0.254343	0.124681	2.03996	1	0.254343	1.00000	0
3463	124	0.0755256	0.0238558	3.16593	1	0.0755256	1.00000	0
130	4855	0.578395	0.333334	1.73518	1	0.578395	1.00000	0
2366	12788	1.33269	0.346158	3.84995	1	1.33269	1.00000	0
2366	175	2.51025	0.500000	5.02050	1	2.51025	1.00000	0
2366	19378	1.49387	0.569877	2.62139	1	1.49387	1.00000	0
469	267	0.559015	0.154162	3.62615	1	0.559015	1.00000	0
469	573	0.639443	0.154162	4.14786	1	0.639443	1.00000	0
469	3440	1.72708	0.989628	3.49036	2	1.72708	2.00000	1
14858	113789	1.09023	0.238513	4.57092	1	1.09023	1.00000	0
1256	4669	0.0928095	0.0238558	3.89044	1	0.0928095	1.00000	0
1146	3167	0.330536	0.0927934	3.56207	1	0.330536	1.00000	0
1146	2638	1.17888	0.353554	3.33438	1	1.17888	1.00000	0
1146	2884	0.973865	0.301321	3.23199	1	0.973865	1.00000	0
1146	18993	2.18843	0.592793	7.38344	2	1.91180	1.19247	0
521	4989	1.33043	0.530734	5.01354	2	1.27021	1.21842	0
521	1766	0.720325	0.227225	12.6804	4	0.336941	1.36790	0
521	267	7.11112	1.98495	46.5727	13	2.68172	3.59888	1
521	573	0.0816567	0.0299535	2.72612	1	0.0816567	1.00000	1
521	4879	0.184191	0.0599069	6.14925	2	0.121719	1.32166	1
521	4535	19.9867	4.64496	34.4231	8	9.72165	3.24330	1
521	4678	0.257968	0.110105	4.68587	2	0.131301	1.32548	0
521	175	2.97944	0.633602	4.70238	1	2.97944	1.00000	0
521	19378	1.20805	0.232108	10.4094	2	1.12870	1.52521	0
521	1388	3.53383	0.682469	25.8901	5	0.823360	1.83925	0
521	3229	0.226174	0.0660503	6.84854	2	0.0973453	1.02329	0
521	3574	0.0995764	0.0530548	1.87686	1	0.0995764	1.00000	0
521	531	1.18249	0.416262	8.52218	3	0.419335	1.49763	0
521	490	0.594318	0.252974	4.69865	2	0.141392	1.03605	0
4989	4794	0.474133	0.335982	4.23355	3	0.174695	1.44222	0
4989	4879	1.01657	0.374154	2.71697	1	1.01657	1.00000	1
4989	4678	2.60306	1.35877	9.57871	5	0.585065	1.54105	0
4989	4804	1.88129	0.816106	6.91562	3	0.997523	1.16311	0
4989	4318	1.28720	0.237294	16.2734	3	0.340342	1.35561	0
4989	4738	0.711118	0.246516	2.88468	1	0.711118	1.00000	0
4989	124	0.0919300	0.0315415	2.91457	1	0.0919300	1.00000	0
4989	19378	1.29817	0.529954	7.34876	3	0.845162	1.34015	0
4989	1388	0.162220	0.0684730	4.73823	2	0.0891115	1.19887	0
4989	3229	0.155346	0.0529525	2.93368	1	0.155346	1.00000	0
4989	531	2.01674	0.590909	6.82589	2	0.953658	1.37703	0
4989	11096	0.152477	0.0724456	2.10471	1	0.152477	1.00000	0
4989	490	0.843537	0.442032	7.63325	4	0.405397	1.70797	0
1766	267	0.125948	0.0530548	2.37393	1	0.125948	1.00000	0
1766	6156	0.0829324	0.0299535	2.76871	1	0.0829324	1.00000	0
1766	4879	0.899874	0.279955	6.42872	2	0.217733	1.15114	0
1766	4368	0.166163	0.0377077	4.40659	1	0.166163	1.00000	0
1766	4318	0.390735	0.134947	5.79096	2	0.320317	1.18807	0
1766	124	0.100330	0.0299535	3.34952	1	0.100330	1.00000	0
1766	19378	0.325568	0.0907625	7.17406	2	0.154692	1.10211	0
1766	1388	0.684392	0.208008	9.87064	3	0.281283	1.57662	0
1766	531	0.276275	0.0830083	6.65657	2	0.183842	1.47654	0
1766	11096	0.402106	0.135961	8.87254	3	0.178315	1.57219	0
11019	18898	0.270136	0.0521308	5.18188	1	0.270136	1.00000	0
109236	111011	0.924191	0.504726	1.83107	1	0.924191	1.00000	0
1274	4730	0.113217	0.0413683	2.73679	1	0.113217	1.00000	0
1274	1776	0.118568	0.0413683	2.86615	1	0.118568	1.00000	0
1274	124	0.142788	0.0365608	3.90550	1	0.142788	1.00000	0
267	573	60.7838	9.38265	291.524	45	20.4182	15.6666	1
267	18898	0.749455	0.622322	6.02144	5	0.693505	4.52530	0
267	4794	0.0394042	0.0299535	1.31551	1	0.0394042	1.00000	0
267	10837	0.365612	0.142857	2.55928	1	0.365612	1.00000	0
267	4879	0.245057	0.0973057	5.03685	2	0.132627	1.33717	1
267	10812	2.76258	1.15740	11.9344	5	2.69597	4.17887	0
267	4368	0.166628	0.0530548	3.14068	1	0.166628	1.00000	0
267	3631	0.110683	0.0466091	2.37470	1	0.110683	1.00000	0
267	6155	0.575878	0.271171	4.24733	2	0.499401	1.81866	0
267	4678	0.474473	0.270053	7.02784	4	0.123634	1.54049	1
267	4804	0.310687	0.142857	2.17481	1	0.310687	1.00000	0
267	4318	0.275580	0.0620615	8.88089	2	0.196348	1.40430	0
267	4738	0.119427	0.0217648	5.48714	1	0.119427	1.00000	0
267	124	2.32027	0.776166	14.9470	5	1.65574	3.27309	1
267	1388	0.917325	0.206025	17.8100	4	0.372608	1.67536	0
267	3229	0.293916	0.104993	2.79938	1	0.293916	1.00000	1
267	3574	0.418335	0.115116	10.9021	3	0.277972	2.27116	0
267	531	0.321827	0.143883	4.47346	2	0.222988	1.16584	0
267	490	3.25643	1.83261	15.9925	9	2.80783	6.04558	0
6156	4794	1.24340	0.365442	6.80490	2	1.24340	2.00000	0
6156	4879	0.0849016	0.0299535	2.83445	1	0.0849016	1.00000	0
6156	4368	0.195094	0.0530548	3.67722	1	0.195094	1.00000	0
6156	3631	0.646800	0.165880	3.89920	1	0.646800	1.00000	0
6156	6155	87.1502	13.6567	293.548	46	37.5780	18.8778	1
6156	19378	0.0803210	0.0299535	2.68153	1	0.0803210	1.00000	0
956	2704	0.421741	0.121653	3.46674	1	0.421741	1.00000	0
956	573	0.493950	0.142857	3.45765	1	0.493950	1.00000	0
956	10837	0.471430	0.139143	3.38809	1	0.471430	1.00000	0
956	10812	0.414318	0.142857	2.90022	1	0.414318	1.00000	0
956	3631	0.146162	0.0549325	2.66076	1	0.146162	1.00000	1
956	3574	0.372247	0.124460	2.99089	1	0.372247	1.00000	0
4161	3229	0.389542	0.0841167	4.63097	1	0.389542	1.00000	0
2704	10837	0.458974	0.138180	3.32157	1	0.458974	1.00000	0
2704	3574	1.50502	0.449165	6.70142	2	1.39875	1.14099	0
534	3157	1.10129	0.331386	3.32328	1	1.10129	1.00000	0
2355	1052	0.558136	0.225429	2.47588	1	0.558136	1.00000	0
573	1594	0.109709	0.0299535	3.66263	1	0.109709	1.00000	0
573	18898	0.767158	0.218731	14.0292	4	0.565949	3.01197	1
573	4794	0.135053	0.0801512	1.68498	1	0.135053	1.00000	0
573	4879	0.618427	0.212689	8.72296	3	0.460787	1.19000	0
573	10812	2.17410	0.473819	22.9423	5	2.07922	4.72985	1
573	4804	0.0780628	0.0299535	2.60614	1	0.0780628	1.00000	0
573	179156	0.156311	0.0321080	4.86829	1	0.156311	1.00000	0
573	4318	0.0777552	0.0299535	2.59587	1	0.0777552	1.00000	0
573	5843	0.0949907	0.0258375	3.67647	1	0.0949907	1.00000	0
573	124	0.0918599	0.0299535	3.06675	1	0.0918599	1.00000	0
573	19378	0.0825137	0.0299535	2.75473	1	0.0825137	1.00000	0
573	11096	0.256954	0.104279	4.92820	2	0.0780481	1.02315	0
573	490	1.29412	0.589324	15.3716	7	1.08560	5.90428	0
10467	5479	0.515937	0.230202	2.24124	1	0.515937	1.00000	0
10467	4864	0.331430	0.128691	2.57539	1	0.331430	1.00000	0
10467	3074	0.674033	0.200000	3.37017	1	0.674033	1.00000	0
4820	170	1.98110	0.675249	2.93388	1	1.98110	1.00000	0
29557	5479	0.0684005	0.0294642	2.32148	1	0.0684005	1.00000	0
4930	4923	0.239677	0.0525653	4.55960	1	0.239677	1.00000	0
4466	4794	0.124456	0.0277589	4.48347	1	0.124456	1.00000	0
4466	124	0.652948	0.209987	3.10947	1	0.652948	1.00000	0
5479	3440	0.517938	0.105407	4.91372	1	0.517938	1.00000	0
5479	4368	0.145867	0.0837466	1.74176	1	0.145867	1.00000	0
5479	4669	1.97625	1.29768	4.56874	3	1.59010	2.32577	0
5479	10938	0.350397	0.135889	2.57856	1	0.350397	1.00000	0
5479	124	0.304033	0.124687	2.43837	1	0.304033	1.00000	0
4947	10938	0.159948	0.0610733	2.61896	1	0.159948	1.00000	0
1594	124	0.124913	0.0299535	4.17024	1	0.124913	1.00000	0
10393	10410	366.013	57.0024	937.469	146	120.859	46.9520	1
10393	10368	1.80668	0.569877	3.17030	1	1.80668	1.00000	1
10393	158	36.7065	5.75533	114.801	18	6.76252	3.70462	1
10393	4717	0.127264	0.0277589	4.58461	1	0.127264	1.00000	0
19603	39727	2.14095	0.529134	4.04615	1	2.14095	1.00000	1
18898	10222	2.68862	0.606287	4.43457	1	2.68862	1.00000	0
18898	10812	1.56270	0.615832	10.1501	4	1.45565	3.61010	0
18898	3155	0.134741	0.0590376	2.28229	1	0.134741	1.00000	0
18898	3574	0.0945227	0.0590376	1.60106	1	0.0945227	1.00000	0
18898	490	0.459539	0.175074	5.24966	2	0.459539	2.00000	0
113659	4730	1.07004	0.291589	3.66967	1	1.07004	1.00000	0
49383	1786	0.414525	0.0808911	10.2490	2	0.198898	1.02485	1
4794	10812	0.181728	0.0980586	1.85326	1	0.181728	1.00000	0
4794	6155	0.0934637	0.0321080	2.91092	1	0.0934637	1.00000	0
4794	4678	0.194958	0.144270	2.70267	2	0.167452	1.32045	0
4794	4318	0.0530546	0.0299535	1.77124	1	0.0530546	1.00000	0
4794	3574	0.0333233	0.0299535	1.11250	1	0.0333233	1.00000	0
3012	584	3.46063	1.13603	6.09248	2	3.46063	2.00000	0
3012	19769	0.723853	0.237789	3.04409	1	0.723853	1.00000	0
4730	4669	1.30217	0.363709	3.58025	1	1.30217	1.00000	0
4730	4738	7.89015	1.78953	26.4544	6	5.40464	4.23251	0
4749	11074	0.459763	0.271691	1.69223	1	0.459763	1.00000	0
2357	121693	0.142177	0.0375471	3.78663	1	0.142177	1.00000	0
10837	10812	28.5969	5.68406	130.808	26	10.1344	7.34436	1
10837	2319	0.407676	0.123103	3.31165	1	0.407676	1.00000	0
10837	323	1.56057	0.333334	4.68170	1	1.56057	1.00000	0
4879	4368	0.171915	0.0321080	5.35428	1	0.171915	1.00000	0
4879	4678	0.209294	0.0829060	5.04894	2	0.159473	1.34114	0
4879	4804	0.156456	0.0529525	2.95464	1	0.156456	1.00000	0
4879	4318	0.429042	0.142857	3.00329	1	0.429042	1.00000	0
4879	4738	0.637737	0.151714	4.20356	1	0.637737	1.00000	0
4879	49415	0.131334	0.0238558	5.50535	1	0.131334	1.00000	0
4879	19378	0.0929527	0.0299535	3.10324	1	0.0929527	1.00000	0
4879	531	0.549613	0.146215	7.51785	2	0.328427	1.12634	0
4879	490	0.881908	0.267892	9.87608	3	0.219363	1.09559	0
19585	3574	1.36831	0.382551	3.57681	1	1.36831	1.00000	0
19585	490	0.896237	0.288676	3.10465	1	0.896237	1.00000	0
10410	10368	1.10330	0.333334	3.30988	1	1.10330	1.00000	0
10410	4753	1.54839	0.500000	3.09677	1	1.54839	1.00000	0
10410	158	15.9605	2.66904	59.7986	10	4.32047	3.56083	1
10410	3999	0.116655	0.0293023	3.98110	1	0.116655	1.00000	0
3440	3631	0.129780	0.0305494	4.24821	1	0.129780	1.00000	0
3440	4669	2.34849	0.739580	6.35088	2	2.29121	1.75142	1
3440	158	0.0867166	0.0238558	3.63504	1	0.0867166	1.00000	0
116441	100174	0.387099	0.116074	3.33495	1	0.387099	1.00000	0
10368	4753	2.34133	0.500000	4.68266	1	2.34133	1.00000	0
10368	158	0.968936	0.263901	3.67158	1	0.968936	1.00000	1
10368	1346	0.0990455	0.0238558	4.15185	1	0.0990455	1.00000	0
10812	4368	0.0946939	0.0238558	3.96944	1	0.0946939	1.00000	0
10812	6155	1.79308	0.402964	4.44974	1	1.79308	1.00000	0
10812	3155	0.123618	0.0456875	2.70573	1	0.123618	1.00000	0
10812	4678	0.240325	0.0467739	5.13801	1	0.240325	1.00000	0
10812	4804	0.0684060	0.0299535	2.28374	1	0.0684060	1.00000	0
10812	490	4.18276	0.817063	15.3578	3	4.17969	2.98484	0
4806	4864	0.743125	0.209987	3.53891	1	0.743125	1.00000	0
4368	124	0.0674566	0.0294642	2.28944	1	0.0674566	1.00000	0
4368	1388	0.215241	0.0530548	4.05696	1	0.215241	1.00000	0
4368	3074	2.00856	0.500000	4.01713	1	2.00856	1.00000	0
177	4855	0.0454050	0.0312080	1.45491	1	0.0454050	1.00000	0
3631	323	0.255594	0.110797	4.61372	2	0.247474	1.93592	0
3631	3935	5.57551	0.945531	17.6901	3	3.94520	2.00855	0
6155	14446	0.631423	0.232846	2.71177	1	0.631423	1.00000	0
6155	323	0.135292	0.0321080	4.21366	1	0.135292	1.00000	0
4929	323	0.198971	0.0558648	3.56164	1	0.198971	1.00000	0
4753	4923	2.63120	0.500000	5.26239	1	2.63120	1.00000	1
3155	490	2.91365	0.673429	4.32658	1	2.91365	1.00000	0
39556	19385	2.19406	0.852476	5.14750	2	1.18262	1.07802	0
3476	4678	0.497591	0.115929	4.29222	1	0.497591	1.00000	0
4678	486	2.97728	0.689866	17.2629	4	1.21532	2.00630	0
4678	4717	1.10604	0.278864	3.96623	1	1.10604	1.00000	1
4678	1414	0.213614	0.0467739	4.56694	1	0.213614	1.00000	0
4678	4738	3.52440	0.936200	7.52917	2	2.30092	1.11281	1
4678	124	0.0803822	0.0299535	2.68357	1	0.0803822	1.00000	0
4678	19378	1.03167	0.433669	14.2736	6	0.201305	1.58898	0
4678	1388	2.05631	0.923195	11.1369	5	0.239927	1.52083	0
4678	3229	0.856325	0.266223	6.43316	2	0.856325	2.00000	0
4678	531	1.87240	0.815668	9.18218	4	0.432322	1.68289	0
4678	11096	0.547477	0.259705	6.32423	3	0.254234	1.51167	0
4678	490	3.04289	1.67795	7.25382	4	0.517045	1.52312	0
2319	3574	0.531688	0.209987	2.53201	1	0.531688	1.00000	0
4669	4738	0.183810	0.0359387	5.11454	1	0.183810	1.00000	1
486	584	9.36664	1.90538	19.6636	4	5.67773	2.13004	1
486	457	0.342259	0.128691	2.65954	1	0.342259	1.00000	0
486	4864	3.83040	0.659930	29.0212	5	1.43225	1.73118	0
486	3229	0.0794129	0.0275308	2.88451	1	0.0794129	1.00000	0
486	531	0.700898	0.306582	4.57234	2	0.617859	1.14896	0
486	490	0.208272	0.120862	3.44644	2	0.164981	1.16129	0
158	124	0.0751841	0.0238558	3.15161	1	0.0751841	1.00000	1
12788	3342	0.972848	0.232627	4.18201	1	0.972848	1.00000	0
3165	3227	47.3287	9.14124	72.4850	14	21.8331	6.69374	1
4804	1388	0.0779771	0.0299535	2.60327	1	0.0779771	1.00000	0
4804	3574	0.0594313	0.0299535	1.98412	1	0.0594313	1.00000	0
4804	490	0.629251	0.279955	4.49538	2	0.159372	1.16381	0
1400	175	1.09632	0.450387	4.86833	2	1.09632	2.00000	0
1400	939	1.91779	0.529134	3.62440	1	1.91779	1.00000	0
1400	19385	0.385696	0.109296	3.52892	1	0.385696	1.00000	0
4717	3439	1.92386	0.406466	4.73315	1	1.92386	1.00000	0
3167	2638	0.293962	0.0836587	3.51383	1	0.293962	1.00000	0
2638	11096	0.164928	0.0305494	5.39874	1	0.164928	1.00000	0
175	10938	1.06837	0.442681	4.82684	2	1.06837	2.00000	1
18352	4435	1.08134	0.263901	4.09753	1	1.08134	1.00000	0
584	19769	1.83166	0.526462	3.47919	1	1.83166	1.00000	0
457	10582	0.101081	0.0238558	4.23718	1	0.101081	1.00000	0
457	100174	0.0880540	0.0312080	2.82152	1	0.0880540	1.00000	0
457	4864	0.395635	0.158155	5.00312	2	0.270620	1.61167	0
10624	158371	1.36774	0.288676	4.73799	1	1.36774	1.00000	0
121693	102100	9.45289	1.61684	17.5396	3	9.43241	2.99338	1
4318	1388	1.20759	0.456914	10.5717	4	0.233143	1.34425	0
4318	3574	0.0591237	0.0299535	1.97385	1	0.0591237	1.00000	0
4318	531	0.334003	0.125000	2.67202	1	0.334003	1.00000	0
4318	11096	0.647684	0.258989	7.50246	3	0.111253	1.15922	0
4318	490	0.403082	0.180565	4.46468	2	0.403082	2.00000	0
1346	4738	0.262581	0.0811440	3.23598	1	0.262581	1.00000	0
1346	4855	0.0960829	0.0238558	4.02766	1	0.0960829	1.00000	0
1430	38878	1.50434	0.452155	3.32704	1	1.50434	1.00000	1
19048	19769	0.968672	0.174110	5.56358	1	0.968672	1.00000	0
947	3935	31.8335	5.68838	78.3472	14	21.0153	9.01320	1
3935	3074	0.579325	0.137051	4.22707	1	0.579325	1.00000	0
105758	112819	1.18607	0.529134	2.24153	1	1.18607	1.00000	0
124	1388	0.153366	0.0321080	4.77656	1	0.153366	1.00000	0
124	3229	0.0899026	0.0240305	3.74118	1	0.0899026	1.00000	0
124	531	0.700118	0.206433	13.5660	4	0.176193	1.46263	0
19378	1388	1.57666	0.315116	20.0137	4	1.08947	1.51109	0
19378	3574	0.121697	0.0530548	2.29380	1	0.121697	1.00000	0
19378	531	4.97436	1.04915	23.7067	5	0.983809	1.36346	0
19378	3342	3.05376	0.663573	4.60200	1	3.05376	1.00000	0
19378	11096	0.0796668	0.0299535	2.65968	1	0.0796668	1.00000	0
19378	490	1.47020	0.614377	11.9650	5	0.883092	1.47748	0
1388	3574	0.105950	0.0530548	1.99699	1	0.105950	1.00000	0
1388	531	0.805115	0.268964	8.98019	3	0.422228	1.24986	0
1388	2964	0.381794	0.0841167	4.53885	1	0.381794	1.00000	0
1388	11096	0.381026	0.153201	4.97420	2	0.246084	1.19443	0
1388	490	1.95326	0.890647	15.3516	7	0.230462	1.74801	0
3229	3574	0.216949	0.0829060	5.23362	2	0.140701	1.02723	0
3229	531	0.0819105	0.0240305	3.40860	1	0.0819105	1.00000	0
3574	531	0.261531	0.142857	1.83072	1	0.261531	1.00000	0
3574	2964	0.110263	0.0238558	4.62208	1	0.110263	1.00000	0
3574	11096	3.39863	0.638705	15.9634	3	3.39863	3.00000	0
3574	490	11.5193	2.50140	27.6308	6	10.5566	5.01753	0
531	490	1.19659	0.517882	9.24220	4	0.214236	1.31478	0
11096	490	2.50844	1.18348	8.47815	4	0.228194	1.50255	0
