776	2810	0.140710	0.0282004	4.98965	1	0.140710	1.00000	0
776	401	2.16263	0.529134	4.08712	1	2.16263	1.00000	0
776	573	0.434714	0.177474	2.44945	1	0.434714	1.00000	0
10971	2398	0.839266	0.250001	3.35705	1	0.839266	1.00000	1
10971	39556	1.94279	0.942974	4.12057	2	1.91528	1.97797	1
10971	175	1.50870	0.799541	1.88696	1	1.50870	1.00000	1
18931	4956	0.207464	0.118563	1.74982	1	0.207464	1.00000	0
18931	39561	1.09738	0.579497	1.89368	1	1.09738	1.00000	0
18931	1400	1.75670	0.445212	3.94576	1	1.75670	1.00000	0
18931	175	0.600693	0.412713	1.45548	1	0.600693	1.00000	0
49918	39750	1.04633	0.333334	3.13899	1	1.04633	1.00000	0
2	1174	1.36920	0.278864	4.90993	1	1.36920	1.00000	1
2	1146	1.31205	0.278864	4.70497	1	1.31205	1.00000	1
19096	588	5.77446	5.37144	11.8253	11	0.456926	1.74087	0
19096	3756	6.77606	5.31198	12.7562	10	0.754618	1.68503	0
19096	2810	5.18381	3.29935	9.42697	6	0.678909	1.50305	0
19096	19404	0.621855	0.333334	1.86556	1	0.621855	1.00000	0
19096	401	4.27886	2.26211	11.3492	6	0.914992	1.68524	1
19096	350	0.730016	0.480193	4.56077	3	0.410193	1.20897	0
19096	521	3.41723	1.58154	6.48210	3	1.49836	1.41395	0
19096	267	0.111264	0.0815401	1.36454	1	0.111264	1.00000	0
19096	4794	5.31773	5.12345	13.4930	13	0.403716	1.54724	0
19096	4879	0.363500	0.163238	4.45360	2	0.201515	1.17745	0
19096	4678	10.2970	5.50576	16.8321	9	0.925697	1.66606	0
19096	18352	0.669501	0.166925	4.01079	1	0.669501	1.00000	0
695	728	2.08672	0.529134	3.94365	1	2.08672	1.00000	0
695	10812	0.138177	0.0302282	4.57112	1	0.138177	1.00000	0
22	3236	0.265350	0.0535719	4.95315	1	0.265350	1.00000	0
22	2810	1.48158	0.546965	5.41744	2	0.139957	1.02314	0
22	3158	0.296216	0.0529620	5.59299	1	0.296216	1.00000	0
53	5604	2.63677	0.500000	5.27353	1	2.63677	1.00000	1
53	2798	1.13522	0.333334	3.40565	1	1.13522	1.00000	0
53	3328	0.138343	0.0391870	3.53032	1	0.138343	1.00000	0
53	10467	0.504636	0.195665	2.57908	1	0.504636	1.00000	0
53	486	0.609724	0.174127	3.50160	1	0.609724	1.00000	0
1174	2798	0.682256	0.144267	4.72912	1	0.682256	1.00000	1
1174	1146	1.34305	0.278864	4.81613	1	1.34305	1.00000	0
1174	4794	0.156502	0.0414155	3.77882	1	0.156502	1.00000	0
1174	3631	1.25096	0.200000	6.25484	1	1.25096	1.00000	0
1174	3165	1.45810	0.333334	4.37429	1	1.45810	1.00000	0
576	3756	0.140739	0.0427896	3.28909	1	0.140739	1.00000	0
576	2810	0.131662	0.0399387	3.29661	1	0.131662	1.00000	0
576	534	0.477623	0.363190	1.31508	1	0.477623	1.00000	0
578	4730	23.8623	4.76707	60.0678	12	8.26052	3.83725	1
11067	10812	0.424953	0.0935387	4.54307	1	0.424953	1.00000	0
756	1384	3.04792	0.955620	3.18946	1	3.04792	1.00000	1
472	3328	0.104254	0.0371619	2.80539	1	0.104254	1.00000	0
472	10467	524.478	83.2312	1216.18	193	124.691	45.1717	1
472	29557	0.443835	0.195665	2.26834	1	0.443835	1.00000	0
19177	19955	2.45877	1.30788	3.75991	2	2.45870	1.99994	0
588	1108	0.0916644	0.0399387	2.29513	1	0.0916644	1.00000	0
588	3756	1.78554	1.46947	7.29053	6	0.396976	1.55335	0
588	337	8.18422	5.51346	19.2973	13	1.10189	1.75764	0
588	2810	3.03213	2.16351	11.2119	8	0.728280	2.02453	0
588	19404	1.48621	0.808566	5.51426	3	1.02568	2.05007	0
588	401	5.68082	2.01816	25.3337	9	3.87842	3.69710	1
588	350	4.44996	1.22012	14.5887	4	3.85385	3.64678	0
588	4989	1.41292	0.951201	7.42705	5	0.269125	1.54867	0
588	267	2.02668	1.09361	9.26602	5	1.54479	3.51304	0
588	6156	0.0681489	0.0399387	1.70634	1	0.0681489	1.00000	0
588	573	0.280020	0.177474	1.57781	1	0.280020	1.00000	0
588	18898	0.208453	0.131753	1.58216	1	0.208453	1.00000	0
588	4794	1.99039	2.08515	5.72733	6	0.300755	1.52648	0
588	4879	0.535684	0.182997	8.78186	3	0.334911	1.28270	0
588	3155	3.74598	0.762890	4.91025	1	3.74598	1.00000	0
588	4678	3.53722	2.49727	11.3315	8	1.64981	1.72461	0
588	4804	3.51402	1.92189	9.14208	5	0.402249	1.40633	0
680	205	3.76670	1.70598	6.62384	3	3.57246	2.90378	1
680	49804	1.04638	0.414404	2.52503	1	1.04638	1.00000	0
1198	18898	1.37321	0.500000	2.74643	1	1.37321	1.00000	0
819	842	0.842085	0.333334	2.52625	1	0.842085	1.00000	0
819	3328	17.6271	2.79569	44.1358	7	15.7975	6.44689	1
819	267	0.924579	0.303063	6.10156	2	0.812932	1.79298	0
819	956	0.445668	0.126287	3.52901	1	0.445668	1.00000	0
819	10837	0.431616	0.176776	2.44159	1	0.431616	1.00000	0
819	10812	1.00694	0.370730	2.71610	1	1.00694	1.00000	0
819	2319	0.420503	0.126287	3.32975	1	0.420503	1.00000	0
491	551	34.1089	6.48571	105.182	20	24.6651	14.3741	1
491	2810	0.388241	0.229122	1.69447	1	0.388241	1.00000	0
491	350	0.602490	0.177474	3.39480	1	0.602490	1.00000	0
491	3340	2.48105	0.539724	9.19375	2	2.47157	1.96824	1
491	267	0.601138	0.177474	3.38719	1	0.601138	1.00000	0
1108	3756	0.277159	0.101119	5.48183	2	0.217292	1.27394	0
1108	2810	0.107399	0.0399387	2.68909	1	0.107399	1.00000	0
1108	1827	0.558424	0.278864	2.00249	1	0.558424	1.00000	1
1108	4989	1.27773	0.224211	17.0964	3	0.391344	1.20224	0
1108	267	0.180113	0.0710359	2.53552	1	0.180113	1.00000	0
1108	6156	0.366296	0.121479	6.03062	2	0.179524	1.24036	0
1108	205	1.70522	0.786841	4.33434	2	1.70522	2.00000	1
1108	573	0.122801	0.0399387	3.07473	1	0.122801	1.00000	0
1108	4879	0.136720	0.0399387	3.42324	1	0.136720	1.00000	0
1108	4368	0.366661	0.0815401	4.49670	1	0.366661	1.00000	0
1108	4283	0.497664	0.216486	2.29883	1	0.497664	1.00000	1
1108	4678	0.251859	0.0851705	2.95712	1	0.251859	1.00000	0
19194	109236	0.665542	0.284532	2.33908	1	0.665542	1.00000	0
551	2810	0.737564	0.371267	1.98662	1	0.737564	1.00000	0
551	3340	8.71841	1.71475	25.4218	5	6.67284	4.15269	1
551	3476	0.586759	0.150500	3.89872	1	0.586759	1.00000	0
19456	5479	2.16598	0.968489	4.47290	2	2.16383	1.99809	0
3756	337	3.03993	2.01902	10.5396	7	0.446169	1.67815	0
3756	2810	0.425809	0.260350	6.54211	4	0.136031	1.39430	0
3756	19404	0.398423	0.173438	6.89162	3	0.205185	1.15067	0
3756	401	1.33640	0.783800	6.82012	4	0.420804	1.78556	0
3756	350	0.369100	0.260807	2.83044	2	0.297921	1.39645	0
3756	521	0.705911	0.124749	11.3173	2	0.570364	1.42162	0
3756	4989	17.3256	4.47424	38.7229	10	12.9312	8.02889	1
3756	267	2.67088	0.541416	9.86630	2	1.48284	1.51834	0
3756	4794	1.49076	1.22740	4.85826	4	0.642902	1.50801	0
3756	4879	0.115078	0.0495353	2.32315	1	0.115078	1.00000	1
3756	4804	1.12063	0.549535	4.07846	2	0.435681	1.32823	0
337	401	2.97710	1.57666	11.3294	6	0.784328	1.37059	0
337	350	0.121558	0.0815401	1.49077	1	0.121558	1.00000	0
337	4989	1.56709	0.835458	7.50291	4	0.443049	1.49022	0
337	4794	4.00378	2.85407	11.2227	8	0.456598	1.53525	0
337	4879	0.214002	0.0833331	2.56803	1	0.214002	1.00000	0
337	486	1.30771	0.776704	6.73465	4	0.666845	1.38405	1
2810	19404	0.734229	0.333334	2.20268	1	0.734229	1.00000	0
2810	4989	2.36761	0.825882	14.3338	5	0.781522	1.67568	0
2810	267	0.0700726	0.0399387	1.75450	1	0.0700726	1.00000	0
2810	6156	0.0838834	0.0399387	2.10030	1	0.0838834	1.00000	0
2810	18898	0.228574	0.0557895	4.09708	1	0.228574	1.00000	0
2810	4794	2.30650	1.61321	7.14877	5	0.755741	1.86675	0
2810	4879	1.36643	0.539941	7.59211	3	0.308737	1.32823	0
2810	4678	1.92475	1.06082	9.07201	5	0.312526	1.35777	0
2810	486	0.623235	0.169361	3.67991	1	0.623235	1.00000	0
2810	4804	1.31192	0.583335	4.49799	2	0.872282	1.21808	0
2810	4717	2.47032	0.516917	4.77894	1	2.47032	1.00000	0
6207	130	57.7548	9.77207	130.024	22	21.5662	7.89844	1
39729	111011	1.73570	1.49356	2.32425	2	0.944927	1.17134	0
3486	16936	0.662096	0.151849	4.36023	1	0.662096	1.00000	0
3486	3003	0.801131	0.142095	5.63800	1	0.801131	1.00000	0
19404	350	15.4051	3.45655	40.1111	9	8.81922	5.31603	1
19404	1766	0.245338	0.0854563	2.87092	1	0.245338	1.00000	0
19404	267	3.56103	1.30442	10.9199	4	3.43657	3.86054	0
19404	4794	0.292727	0.166667	1.75636	1	0.292727	1.00000	0
19404	6155	4.57050	0.778079	11.7482	2	4.57050	2.00000	1
19404	4678	0.253415	0.114741	4.41715	2	0.205505	1.45685	0
19404	4804	0.105388	0.0399387	2.63875	1	0.105388	1.00000	0
401	350	2.53653	0.789941	16.0552	5	2.33138	4.21651	1
401	4989	1.94608	0.966812	10.0644	5	0.344807	1.69917	0
401	1766	0.549372	0.214741	7.67491	3	0.185137	1.36255	0
401	267	2.39014	0.774048	21.6149	7	0.957806	3.54055	1
401	956	0.514455	0.142857	3.60118	1	0.514455	1.00000	1
401	573	0.949575	0.275391	10.3443	3	0.677419	2.21070	0
401	18898	1.87485	0.299999	12.4990	2	0.635868	1.00874	0
401	19585	1.77293	0.606287	2.92424	1	1.77293	1.00000	0
401	4368	0.299062	0.0815401	3.66767	1	0.299062	1.00000	0
401	3155	0.859274	0.291047	2.95235	1	0.859274	1.00000	0
401	4678	4.96982	2.27622	17.4670	8	0.889437	1.65558	0
401	486	1.08730	0.581540	3.73940	2	0.994403	1.39063	0
401	4804	0.399217	0.171889	4.64505	2	0.154189	1.20045	0
111565	118351	16.5503	5.82650	31.2457	11	9.19072	6.17365	1
3295	2305	0.912062	0.209987	4.34342	1	0.912062	1.00000	0
350	521	3.97260	1.81300	21.9118	10	1.50044	3.69915	1
350	267	135.345	37.7837	483.583	135	42.1394	44.2051	1
350	6156	0.125799	0.0398246	3.15883	1	0.125799	1.00000	0
350	3273	8.72952	2.17442	20.0732	5	8.72949	4.99999	1
350	573	11.9723	3.90466	70.5218	23	6.14533	12.0431	1
350	10368	0.189003	0.0414155	4.56357	1	0.189003	1.00000	0
350	10812	1.03891	0.394466	5.26744	2	1.03891	2.00000	0
350	3155	0.363102	0.177474	2.04594	1	0.363102	1.00000	0
350	4678	2.44810	1.33154	5.51564	3	1.97170	1.42614	0
350	2319	0.358200	0.138180	2.59228	1	0.358200	1.00000	0
350	486	0.357804	0.259014	2.76281	2	0.285740	1.36022	0
18584	521	1.37508	0.353554	3.88932	1	1.37508	1.00000	0
18584	4535	1.46858	0.541980	5.41931	2	0.799072	1.06373	0
1827	49804	4.65159	1.80172	10.3270	4	3.74044	3.27112	1
1403	38201	3.99765	0.956439	4.17972	1	3.99765	1.00000	1
786	10812	0.180978	0.0414155	4.36981	1	0.180978	1.00000	0
39612	118351	1.52377	0.336015	4.53484	1	1.52377	1.00000	0
2798	3463	0.125335	0.0302282	4.14631	1	0.125335	1.00000	0
2798	1146	0.175873	0.0425192	4.13631	1	0.175873	1.00000	0
4302	3440	1.34707	0.241576	5.57615	1	1.34707	1.00000	0
4302	177	1.38695	1.22025	4.54645	4	1.20705	2.88122	1
10731	1180	0.110482	0.0282004	3.91774	1	0.110482	1.00000	0
3463	3440	0.490876	0.135015	3.63572	1	0.490876	1.00000	0
3463	10368	0.127729	0.0302282	4.22548	1	0.127729	1.00000	0
3463	4368	0.317639	0.155708	2.03996	1	0.317639	1.00000	0
2366	12788	1.33269	0.346158	3.84995	1	1.33269	1.00000	0
2366	175	2.51025	0.500000	5.02050	1	2.51025	1.00000	0
469	267	0.643548	0.177474	3.62615	1	0.643548	1.00000	0
469	573	0.736138	0.177474	4.14786	1	0.736138	1.00000	0
469	3440	1.72708	0.989628	3.49036	2	1.72708	2.00000	1
1256	4669	0.117601	0.0302282	3.89044	1	0.117601	1.00000	0
1146	3167	0.377106	0.105867	3.56207	1	0.377106	1.00000	0
1146	2638	1.66719	0.500000	3.33438	1	1.66719	1.00000	0
1146	2884	1.12810	0.349043	3.23199	1	1.12810	1.00000	0
521	4989	1.35301	0.539742	5.01354	2	1.27514	1.21842	0
521	1766	0.886570	0.279667	12.6804	4	0.376897	1.36790	0
521	267	7.69489	2.14790	46.5727	13	2.90171	3.59888	1
521	573	0.108878	0.0399387	2.72612	1	0.108878	1.00000	1
521	4879	0.245593	0.0798774	6.14925	2	0.162295	1.32166	1
521	4535	19.9867	4.64496	34.4231	8	9.72165	3.24330	1
521	4678	0.293402	0.125229	4.68587	2	0.158614	1.32548	0
521	175	2.97944	0.633602	4.70238	1	2.97944	1.00000	0
4989	4794	0.507965	0.359957	4.23355	3	0.193465	1.44222	0
4989	4879	1.01657	0.374154	2.71697	1	1.01657	1.00000	1
4989	4678	2.67981	1.39884	9.57871	5	0.620464	1.54105	0
4989	4804	1.96554	0.852651	6.91562	3	1.00046	1.16311	0
1766	267	0.193570	0.0815401	2.37393	1	0.193570	1.00000	0
1766	6156	0.110579	0.0399387	2.76871	1	0.110579	1.00000	0
1766	4879	1.19983	0.373273	6.42872	2	0.290313	1.15114	0
1766	4368	0.218282	0.0495353	4.40659	1	0.218282	1.00000	0
11019	18898	0.332648	0.0641944	5.18188	1	0.332648	1.00000	0
109236	111011	0.924191	0.504726	1.83107	1	0.924191	1.00000	0
1274	4730	0.154752	0.0565449	2.73679	1	0.154752	1.00000	0
1274	1776	0.162066	0.0565449	2.86615	1	0.162066	1.00000	0
267	573	68.8613	10.6295	291.524	45	25.5765	15.6666	1
267	18898	0.824103	0.684307	6.02144	5	0.758352	4.52530	0
267	4794	0.0525399	0.0399387	1.31551	1	0.0525399	1.00000	0
267	10837	0.365612	0.142857	2.55928	1	0.365612	1.00000	0
267	4879	0.322794	0.128173	5.03685	2	0.175506	1.33717	1
267	10812	3.18534	1.33452	11.9344	5	3.09652	4.17887	0
267	4368	0.256091	0.0815401	3.14068	1	0.256091	1.00000	0
267	3631	0.134988	0.0568443	2.37470	1	0.134988	1.00000	0
267	6155	0.664512	0.312908	4.24733	2	0.576382	1.81866	0
267	4678	0.622244	0.354159	7.02784	4	0.163085	1.54049	1
267	4804	0.362468	0.166667	2.17481	1	0.362468	1.00000	0
6156	4794	1.27507	0.374750	6.80490	2	1.27507	2.00000	0
6156	4879	0.113204	0.0399387	2.83445	1	0.113204	1.00000	0
6156	4368	0.299841	0.0815401	3.67722	1	0.299841	1.00000	0
6156	3631	0.730360	0.187310	3.89920	1	0.730360	1.00000	0
6156	6155	96.9450	15.1916	293.548	46	42.3596	18.8778	1
956	2704	0.479033	0.138180	3.46674	1	0.479033	1.00000	0
956	573	0.493950	0.142857	3.45765	1	0.493950	1.00000	0
956	10837	0.471430	0.139143	3.38809	1	0.471430	1.00000	0
956	10812	0.414318	0.142857	2.90022	1	0.414318	1.00000	0
956	3631	0.167313	0.0628817	2.66076	1	0.167313	1.00000	1
2704	10837	0.458974	0.138180	3.32157	1	0.458974	1.00000	0
534	3157	1.20698	0.363190	3.32328	1	1.20698	1.00000	0
2355	1052	0.652371	0.263490	2.47588	1	0.652371	1.00000	0
573	1594	0.146281	0.0399387	3.66263	1	0.146281	1.00000	0
573	18898	0.895966	0.255457	14.0292	4	0.654804	3.01197	1
573	4794	0.143711	0.0852898	1.68498	1	0.143711	1.00000	0
573	4879	0.752757	0.258888	8.72296	3	0.542565	1.19000	0
573	10812	2.74175	0.597530	22.9423	5	2.61685	4.72985	1
573	4804	0.104086	0.0399387	2.60614	1	0.104086	1.00000	0
573	179156	0.201623	0.0414155	4.86829	1	0.201623	1.00000	0
10467	5479	0.515937	0.230202	2.24124	1	0.515937	1.00000	0
29557	5479	0.0909719	0.0391870	2.32148	1	0.0909719	1.00000	0
4930	4923	0.326549	0.0716179	4.55960	1	0.326549	1.00000	0
4466	4794	0.164576	0.0367073	4.48347	1	0.164576	1.00000	0
5479	3440	0.622247	0.126635	4.91372	1	0.622247	1.00000	0
5479	4368	0.242355	0.139143	1.74176	1	0.242355	1.00000	0
5479	4669	2.37910	1.56220	4.56874	3	1.90236	2.32577	0
10393	10410	375.867	58.5369	937.469	146	124.355	46.9520	1
10393	10368	1.80668	0.569877	3.17030	1	1.80668	1.00000	1
10393	158	37.5843	5.89296	114.801	18	6.99013	3.70462	1
10393	4717	0.168289	0.0367073	4.58461	1	0.168289	1.00000	0
18898	10222	2.68862	0.606287	4.43457	1	2.68862	1.00000	0
18898	10812	1.62812	0.641614	10.1501	4	1.51069	3.61010	0
18898	3155	0.164162	0.0719287	2.28229	1	0.164162	1.00000	0
113659	4730	1.49476	0.407328	3.66967	1	1.49476	1.00000	0
49383	1786	0.589277	0.114993	10.2490	2	0.282350	1.02485	1
4794	10812	0.196125	0.105827	1.85326	1	0.196125	1.00000	0
4794	6155	0.120557	0.0414155	2.91092	1	0.120557	1.00000	0
4794	4678	0.222085	0.164345	2.70267	2	0.185410	1.32045	0
3012	584	3.61462	1.18658	6.09248	2	3.61462	2.00000	0
4730	4669	1.89443	0.529134	3.58025	1	1.89443	1.00000	0
10837	10812	29.8937	5.94181	130.808	26	10.4321	7.34436	1
10837	2319	0.460794	0.139143	3.31165	1	0.460794	1.00000	0
4879	4368	0.221750	0.0414155	5.35428	1	0.221750	1.00000	0
4879	4678	0.289661	0.114741	5.04894	2	0.223232	1.34114	0
4879	4804	0.221016	0.0748028	2.95464	1	0.221016	1.00000	0
10410	10368	1.10330	0.333334	3.30988	1	1.10330	1.00000	0
10410	4753	1.54839	0.500000	3.09677	1	1.54839	1.00000	0
10410	158	16.5675	2.77055	59.7986	10	4.55809	3.56083	1
3440	3631	0.180630	0.0425192	4.24821	1	0.180630	1.00000	0
3440	4669	2.39396	0.753897	6.35088	2	2.32537	1.75142	1
3440	158	0.109881	0.0302282	3.63504	1	0.109881	1.00000	0
10368	4753	2.34133	0.500000	4.68266	1	2.34133	1.00000	0
10368	158	1.29810	0.353554	3.67158	1	1.29810	1.00000	1
10812	4368	0.119989	0.0302282	3.96944	1	0.119989	1.00000	0
10812	6155	1.79308	0.402964	4.44974	1	1.79308	1.00000	0
10812	3155	0.137030	0.0506442	2.70573	1	0.137030	1.00000	0
10812	4678	0.292067	0.0568443	5.13801	1	0.292067	1.00000	0
10812	4804	0.0912096	0.0399387	2.28374	1	0.0912096	1.00000	0
4753	4923	2.63120	0.500000	5.26239	1	2.63120	1.00000	1
3476	4678	0.679052	0.158206	4.29222	1	0.679052	1.00000	0
4678	486	3.15236	0.730435	17.2629	4	1.38830	2.00630	0
4678	4717	1.10604	0.278864	3.96623	1	1.10604	1.00000	1
486	584	10.5379	2.14363	19.6636	4	5.95570	2.13004	1
1400	175	1.29344	0.531369	4.86833	2	1.29344	2.00000	0
3167	2638	0.339910	0.0967350	3.51383	1	0.339910	1.00000	0
