669628	0.00000
554771	0.00000
47830	0.00000
866617	0.00000
1140113	0.00000
285985	0.00000
501097	0.00000
684918	0.00000
66106	0.00000
524429	0.00000
695377	0.00000
361340	0.00000
3505775	0.00000
497187	0.00000
295247	0.00000
695369	0.00000
920620	0.00000
260176	0.00000
455358	0.00000
66094	0.00000
26298	0.00000
590509	0.00000
95677	0.00000
30603	0.00000
589448	0.00000
944779	0.00000
56401	0.00000
765214	0.00000
1196425	0.00000
52585	0.00000
914516	0.00000
765201	0.00000
30648	0.00000
832165	0.00000
1330484	0.00000
1374182	0.00000
3410934	0.00000
1594434	0.00000
1087877	0.00000
765196	0.00000
1171320	0.00000
95715	0.00000
1258574	0.00000
533158	0.00000
819613	0.00000
1703394	0.00000
598161	0.00000
435991	0.00000
66171	0.00000
541711	0.00000
442815	0.00000
975708	0.00000
2959961	0.00000
213711	0.00000
70481	0.00000
2816170	0.00000
1347900	0.00000
1070240	0.00000
576922	0.00000
225681	0.00000
929331	0.00000
286030	0.00000
61254	0.00000
1243931	0.00000
30708	0.00000
338155	0.00000
1274025	0.00000
1561490	0.00000
780696	0.00000
218054	0.00000
91386	0.00000
726913	0.00000
73791	0.00000
316637	0.00000
195083	0.00000
299038	0.00000
237210	0.00000
462577	0.00000
528833	0.00000
233385	0.00000
213739	0.00000
710881	0.00000
482061	0.00000
933658	0.00000
501020	0.00000
872147	0.00000
2955552	0.00000
633134	0.00000
801651	0.00000
30697	0.00000
1339136	0.00000
70543	0.00000
665095	0.00000
446540	0.00000
118777	0.00000
347811	0.00000
920763	0.00000
4979784	0.00000
576856	0.00000
1021485	0.00000
38958	0.00000
5131374	0.00000
431256	0.00000
801693	0.00000
685035	0.00000
126339	0.00000
537415	0.00000
43848	0.00000
780626	0.00000
70574	0.00000
612328	0.00000
202692	0.00000
554941	0.00000
1325605	0.00000
240922	0.00000
1518913	0.00000
411863	0.00000
179741	0.00000
2373928	0.00000
1115030	0.00000
1445140	0.00000
704152	0.00000
156267	0.00000
17511	0.00000
1557092	0.00000
1251022	0.00000
101136	0.00000
840851	0.00000
66185	0.00000
347792	0.00000
30509	0.00000
132304	0.00000
776730	0.00000
272911	0.00000
1733297	0.00000
400713	0.00000
321333	0.00000
1167034	0.00000
252652	0.00000
1149552	0.00000
83507	0.00000
1006391	0.00000
1495297	0.00000
757656	0.00000
719421	0.00000
47633	0.00000
91210	0.00000
589391	0.00000
147571	0.00000
1036975	0.00000
1078863	0.00000
126411	0.00000
167223	0.00000
83502	0.00000
1414021	0.00000
3111754	0.00000
559575	0.00000
508694	0.00000
1360972	0.00000
225562	0.00000
141023	0.00000
1549455	0.00000
528734	0.00000
47677	0.00000
749990	0.00000
537400	0.00000
1224297	0.00000
13238	0.00000
5408783	0.00000
13235	0.00000
1885433	0.00000
13233	0.00000
1006349	0.00000
132246	0.00000
372933	0.00000
559610	0.00000
83470	0.00000
1262444	0.00000
369148	0.00000
175774	0.00000
39330	0.00000
1301049	0.00000
105361	0.00000
70173	0.00000
948922	0.00000
396713	0.00000
442602	0.00000
351774	0.00000
1157587	0.00000
43751	0.00000
828080	0.00000
195446	0.00000
65307	0.00000
400525	0.00000
897459	0.00000
156609	0.00000
2730586	0.00000
1193776	0.00000
125988	0.00000
52340	0.00000
1491407	0.00000
907047	0.00000
512970	0.00000
321223	0.00000
60958	0.00000
505199	0.00000
442582	0.00000
1029617	0.00000
2730614	0.00000
334589	0.00000
840974	0.00000
840963	0.00000
70188	0.00000
2373792	0.00000
34989	0.00000
52245	0.00000
1174850	0.00000
108675	0.00000
1545828	0.00000
12802	0.00000
66406	0.00000
841076	0.00000
1356375	0.00000
101102	0.00000
70211	0.00000
619618	0.00000
396791	0.00000
43680	0.00000
1251109	0.00000
415755	0.00000
48031	0.00000
30427	0.00000
87694	0.00000
206157	0.00000
191038	0.00000
889760	0.00000
1139946	0.00000
481805	0.00000
290589	0.00000
1231179	0.00000
21655	0.00000
191017	0.00000
12855	0.00000
180184	0.00000
415783	0.00000
493165	0.00000
1518735	0.00000
273366	0.00000
347975	0.00000
858677	0.00000
700051	0.00000
440314	0.00000
175645	0.00000
130487	0.00000
65410	0.00000
669229	0.00000
338202	0.00000
1308892	0.00000
43638	0.00000
3441613	0.00000
872225	0.00000
1464773	0.00000
554644	0.00000
171354	0.00000
819295	0.00000
933600	0.00000
118476	0.00000
412108	0.00000
572394	0.00000
342020	0.00000
191219	0.00000
633067	0.00000
2329701	0.00000
338239	0.00000
885336	0.00000
1246958	0.00000
819309	0.00000
1444892	0.00000
91455	0.00000
171383	0.00000
691399	0.00000
70317	0.00000
396569	0.00000
145040	0.00000
17773	0.00000
74232	0.00000
489650	0.00000
1518659	0.00000
26372	0.00000
132553	0.00000
338218	0.00000
1858828	0.00000
474229	0.00000
1339103	0.00000
691400	0.00000
9150	0.00000
1269799	0.00000
559321	0.00000
252915	0.00000
342117	0.00000
65476	0.00000
91457	0.00000
442403	0.00000
1139781	0.00000
455543	0.00000
757395	0.00000
330535	0.00000
990970	0.00000
21561	0.00000
351959	0.00000
91487	0.00000
4927561	0.00000
554710	0.00000
431553	0.00000
405264	0.00000
21554	0.00000
446724	0.00000
295075	0.00000
1522986	0.00000
47913	0.00000
74156	0.00000
572328	0.00000
1495090	0.00000
43541	0.00000
801534	0.00000
359560	0.00000
1079136	0.00000
175743	0.00000
1228364	0.00000
964366	0.00000
77966	0.00000
415918	0.00000
777037	0.00000
960051	0.00000
4494728	0.00000
1139825	0.00000
17696	0.00000
264504	0.00000
30321	0.00000
1724986	0.00000
669080	0.00000
1529942	0.00000
364671	0.00000
236744	0.00000
1162181	0.00000
589978	0.00000
416616	0.00000
537082	0.00000
715237	0.00000
508392	0.00000
1829582	0.00000
841240	0.00000
722152	0.00000
179342	0.00000
5139628	0.00000
289860	0.00000
624905	0.00000
571497	0.00000
664756	0.00000
646396	0.00000
1413476	0.00000
60711	0.00000
39604	0.00000
719102	0.00000
1255224	0.00000
1153419	0.00000
447180	0.00000
43511	0.00000
2866204	0.00000
715231	0.00000
715228	0.00000
726518	0.00000
382080	0.00000
719072	0.00000
387031	0.00000
772483	0.00000
35737	0.00000
47283	0.00000
1126919	0.00000
87459	0.00000
1338642	0.00000
1179470	0.00000
1208468	0.00000
39642	0.00000
175585	0.00000
750372	0.00000
121897	0.00000
628854	0.00000
251994	0.00000
118021	0.00000
171694	0.00000
137005	0.00000
956144	0.00000
1181466	0.00000
206415	0.00000
1317520	0.00000
831730	0.636514
745987	0.00000
416573	0.00000
525048	0.00000
412168	0.00000
1096082	0.00000
179452	0.00000
25829	0.00000
3471244	0.00000
4079136	0.00000
1053302	0.00000
1510856	0.00000
1175134	0.00000
789012	0.00000
47263	0.00000
360235	0.00000
1010423	0.00000
121872	0.00000
109443	0.00000
1435291	0.00000
1300850	0.00000
956124	0.00000
486009	0.00000
264837	0.00000
5139661	0.00000
96011	0.00000
952092	0.00000
147973	0.00000
3137930	0.00000
104482	0.00000
1344252	0.00000
1181643	0.00000
264828	0.00000
408896	0.00000
611811	0.00000
1465056	0.00000
264824	0.00000
324714	0.00000
542461	0.00000
933336	0.00000
1179548	0.00000
264814	0.00000
1577479	0.00000
373386	0.00000
100610	0.00000
91685	0.00000
524850	0.00000
1526258	0.00000
386881	0.00000
676753	0.00000
241463	0.00000
1538714	0.00000
60841	0.00000
3868498	0.00000
611778	0.00000
642419	0.00000
264799	0.00000
295900	0.00000
378156	0.00000
17986	0.00000
269162	0.00000
100650	0.00000
2686472	0.00000
57066	0.00000
264771	0.00000
264780	0.00000
784989	0.00000
1300924	0.00000
264782	0.00000
944130	0.00000
210842	0.00000
140444	0.00000
22370	0.00000
329728	0.00000
2114606	0.00000
735078	0.00000
1285387	0.00000
5139571	0.00000
144861	0.00000
320794	0.00000
22292	0.00000
187108	0.00000
642319	0.00000
294321	0.00000
1598942	0.00000
1465019	0.00000
272455	0.00000
1805477	0.00000
70132	0.00000
264745	0.00000
1095972	0.00000
183256	0.00000
171562	0.00000
378212	0.00000
364694	0.00000
906450	0.00000
22335	0.00000
264704	0.00000
47115	0.00000
1005866	0.00000
2517707	0.00000
1325141	0.00000
642347	0.00000
3826577	0.00000
470589	0.00000
642341	0.00000
477334	0.00000
360361	0.00000
3914814	0.00000
347419	0.00000
276667	0.00000
837159	0.00000
1144730	0.00000
172001	0.00000
990219	0.00000
247843	0.00000
1092057	0.00000
550171	0.00000
929136	0.00000
880619	0.00000
443088	0.00000
347407	0.00000
87271	0.00000
450747	0.00000
1387169	0.00000
431912	0.00000
819956	0.00000
902149	0.00000
87278	0.00000
722416	0.00000
245667	0.00000
559636	0.00000
43252	0.00000
217278	0.00000
26036	0.00000
334027	0.00000
714973	0.00000
12354	0.00000
450695	0.00000
378044	0.00000
217268	0.00000
100522	0.00000
65832	0.00000
1951027	0.00000
197959	0.00000
1430662	0.00000
616205	0.00000
1476399	0.00000
373563	0.00000
1235483	0.00000
140558	0.00000
1933309	0.00000
95958	0.00000
1131653	0.00000
113558	0.00000
217305	0.00000
1487891	0.00000
217309	0.00000
268958	0.00000
1344300	0.00000
65871	0.00000
481291	0.00000
866882	0.00000
325045	0.00000
369256	0.00000
1140467	0.00000
29943	0.00000
217283	0.00000
979278	0.00000
57114	0.00000
307555	0.00000
217282	0.00000
1185590	0.00000
52782	0.00000
567310	0.00000
3735292	0.00000
232585	0.00000
359983	0.00000
60530	0.00000
342761	0.00000
871929	0.00000
756748	0.00000
581545	0.00000
741489	0.00000
47497	0.00000
1837575	0.00000
52764	0.00000
64847	0.00000
144510	0.00000
952053	0.00000
1348140	0.00000
22199	0.693147
1243192	0.00000
217326	0.00000
100607	0.00000
206704	0.00000
29915	0.00000
508042	0.00000
450782	0.00000
633372	0.00000
567338	0.00000
546367	0.00000
995117	0.00000
60525	0.00000
581566	0.00000
3561978	0.00000
532829	0.00000
47470	0.00000
404842	0.00000
294134	0.00000
282534	0.00000
439762	0.00000
497031	0.00000
432048	0.00000
171887	0.00000
52979	0.00000
1204349	0.00000
1495669	0.00000
1181376	0.00000
365041	0.00000
187313	0.00000
1101803	0.00000
730898	0.00000
39704	0.00000
936798	0.00000
126643	0.00000
74736	0.00000
1595345	0.00000
5139727	0.00000
52957	0.00000
528943	0.00000
911062	0.00000
386647	0.00000
43130	0.00000
91918	0.00000
990372	0.00000
1193387	0.00000
365007	0.00000
849369	0.00000
629130	0.00000
696274	0.00000
1216356	0.00000
95776	0.00000
1084166	0.00000
730942	0.00000
845054	0.00000
564144	0.00000
810539	0.00000
1204301	0.00000
714831	0.00000
369397	0.00000
117903	0.00000
1439233	0.00000
276598	0.00000
884224	0.00000
1499496	0.00000
616424	0.00000
25938	0.00000
1140323	0.00000
57223	0.00000
18231	0.00000
148314	0.00000
132997	0.00000
776512	0.00000
25931	0.00000
39775	0.00000
1472968	0.00000
113417	0.00000
1395916	0.00000
194972	0.00000
1114322	0.00000
462182	0.00000
364935	0.00000
1554059	0.00000
232449	0.00000
1010555	0.00000
18205	0.00000
462175	0.00000
746411	0.00000
3991465	0.00000
525137	0.00000
69847	0.00000
680348	0.00000
43051	0.00000
1091885	0.00000
236838	0.00000
420315	0.00000
122249	0.00000
317286	0.00000
963883	0.00000
521043	0.00000
691885	0.00000
2123618	0.00000
18177	0.00000
546481	0.00000
113440	0.00000
5461354	0.00000
839782	0.00000
1162665	0.00000
55356	0.00000
196150	0.00000
343543	0.00000
500008	0.00000
253537	0.00000
1069241	0.00000
1123613	0.00000
274162	0.00000
20922	0.693147
500010	0.00000
1240580	0.00000
473495	0.00000
1593398	0.00000
293641	0.00000
569122	0.00000
1007535	0.00000
243920	0.00000
426351	0.00000
285042	0.00000
430160	0.00000
447639	0.00000
655491	0.00000
793860	0.00000
358675	0.00000
82588	0.00000
1197511	0.00000
219072	0.00000
886662	0.00000
645804	0.00000
110000	0.00000
4211872	0.00000
447652	0.00000
9730	0.00000
14128	0.00000
278518	0.00000
14125	0.00000
153062	0.00000
265379	0.00000
269715	0.00000
677222	0.00000
40139	0.00000
690460	0.00000
5823877	0.00000
350998	0.00000
963309	0.00000
293698	0.00000
293700	0.00000
36226	0.00000
1518055	0.00000
293714	0.00000
694340	0.00000
74829	0.00000
443885	0.00000
362355	0.00000
16593	0.00000
102311	0.00000
443875	0.00000
950194	0.00000
293729	0.00000
1500863	0.00000
51563	0.00000
1292705	0.00000
649659	0.00000
579807	0.00000
886732	0.00000
721663	0.00000
40074	0.00000
9816	0.00000
848501	0.00000
469213	0.00000
456344	0.00000
385531	0.00000
569174	0.00000
153000	0.00000
110048	0.00000
293772	0.00000
538390	0.00000
183784	0.00000
760488	0.00000
209355	0.00000
236073	0.00000
549601	0.00000
538387	0.00000
1344662	0.00000
121480	0.00000
794017	0.00000
218978	0.00000
121484	0.00000
802754	0.00000
1521667	0.00000
67302	0.00000
2441068	0.00000
385310	0.00000
1135124	0.00000
55457	0.00000
760501	0.00000
2240995	0.00000
64207	0.00000
64200	0.00000
1407140	0.00000
538379	0.00000
1201274	0.00000
249853	0.00000
2443464	0.00000
324142	0.00000
366269	0.00000
232246	0.00000
2003305	0.00000
1598413	0.00000
659767	0.00000
1097529	0.00000
564440	0.00000
243808	0.00000
14264	0.00000
1108692	0.00000
1284893	0.00000
293819	0.00000
14242	0.00000
404004	0.00000
74919	0.00000
170030	0.00000
144333	0.00000
67272	0.00000
399738	0.00000
794007	0.00000
3281568	0.00000
1069069	0.00000
9883	0.00000
1593480	0.00000
74927	0.00000
222330	0.00000
425893	0.00000
699277	0.00000
209288	0.00000
278286	0.00000
174857	0.00000
71565	0.00000
183716	0.00000
1062621	0.00000
253607	0.00000
595735	0.00000
1097536	0.00000
932855	0.00000
2110919	0.00000
976783	0.00000
1162621	0.00000
148534	0.00000
170050	0.00000
789754	0.00000
1410764	0.00000
16481	0.00000
196313	0.00000
36133	0.00000
1593557	0.00000
338980	0.00000
1038041	0.00000
354528	0.00000
129174	0.00000
249775	0.00000
64165	0.00000
1593540	0.00000
178698	0.00000
829185	0.00000
4216141	0.00000
878704	0.00000
351136	0.00000
9948	0.00000
305031	0.00000
1041820	0.00000
905889	0.00000
109706	0.00000
109707	0.00000
1558431	0.00000
331699	0.00000
214983	0.00000
129400	0.00000
492123	0.00000
86686	0.00000
49035	0.00000
1065112	0.00000
10040	0.00000
5321012	0.00000
568887	0.00000
16787	0.00000
315896	0.00000
1501125	0.00000
1364217	0.00000
1527312	0.00000
802374	0.00000
75033	0.00000
232084	0.00000
86668	0.00000
993577	0.00000
106445	0.00000
395772	0.00000
1041513	0.00000
304765	0.00000
1062679	0.00000
1593654	0.00000
320190	0.00000
610819	0.00000
1154753	0.00000
1535074	0.00000
1384353	0.00000
980824	0.00000
44701	0.00000
381925	0.00000
1333585	0.00000
1166094	0.00000
412929	0.00000
358411	0.00000
1100082	0.00000
447927	0.00000
649445	0.00000
102084	0.00000
525810	0.00000
9996	0.00000
55582	0.00000
482846	0.00000
324517	0.00000
9992	0.00000
9988	0.00000
280959	0.00000
579989	0.00000
3526910	0.00000
404430	0.00000
124941	0.00000
610904	0.00000
1123401	0.00000
2333173	0.00000
1135578	0.00000
117351	0.00000
1558481	0.00000
538311	0.00000
3333643	0.00000
1033803	0.00000
35976	0.00000
335575	0.00000
413051	0.00000
814075	0.00000
538327	0.00000
560186	0.00000
293488	0.00000
1593672	0.00000
10075	0.00000
509693	0.00000
174768	0.00000
1414754	0.00000
236504	0.00000
712111	0.00000
465539	0.00000
1322633	0.00000
1045792	0.00000
1877903	0.00000
456592	0.00000
49125	0.00000
10056	0.00000
1007322	0.00000
40351	0.00000
1223598	0.00000
335614	0.00000
55635	0.00000
174766	0.00000
525731	0.00000
404465	0.00000
1298383	0.00000
13957	0.00000
1531808	0.00000
389423	0.00000
1586944	0.00000
374252	0.00000
347120	0.00000
385041	0.00000
20524	0.00000
129534	0.00000
573320	0.00000
579882	0.00000
1593769	0.00000
209100	0.00000
1011040	0.00000
29264	0.00000
820246	0.00000
573336	0.00000
48932	0.00000
645941	0.00000
265508	0.00000
109611	0.00000
284881	0.00000
55701	0.00000
855944	0.00000
1414845	0.00000
1302217	0.00000
10112	0.00000
434869	0.00000
309222	0.00000
16681	0.00000
362118	0.00000
743105	0.00000
4295207	0.00000
1162353	0.00000
269427	0.00000
465449	0.00000
1179893	0.00000
711943	0.00000
584251	0.00000
802454	0.00000
55791	0.00000
496563	0.00000
165997	0.00000
187804	0.00000
67505	0.00000
452112	0.00000
2971675	0.00000
5633136	0.00000
923788	0.00000
14046	0.00000
347041	0.00000
75226	0.00000
60049	0.00000
1162321	0.00000
1253516	0.00000
890725	0.00000
1014829	0.00000
244023	0.00000
2086606	0.00000
681964	0.00000
575586	0.00000
859901	0.00000
82773	0.00000
64432	0.00000
1998593	0.00000
1054101	0.00000
75249	0.00000
473205	0.00000
993732	0.00000
1150749	0.00000
4427377	0.00000
192226	0.00000
10190	0.00000
840256	0.00000
1178446	0.00000
1314738	0.00000
252993	0.00000
1729839	0.00000
95172	0.00000
231866	0.00000
1024896	0.00000
9222	0.00000
196669	0.00000
2337244	0.00000
346187	0.00000
937614	0.00000
1306115	0.00000
802160	0.00000
9247	0.00000
595449	0.00000
110506	0.00000
1104654	0.00000
660384	0.00000
1566429	0.00000
110505	0.00000
13600	0.00000
71030	0.00000
114320	0.00000
110496	0.00000
129616	0.00000
2207139	0.00000
110497	0.00000
9256	0.00000
1341441	0.00000
110492	0.00000
9261	0.00000
1024942	0.00000
4684632	0.00000
1227260	0.00000
580272	0.00000
420950	0.00000
949729	0.00000
1496991	0.00000
1115503	0.00000
55849	0.00000
71003	0.00000
17053	0.00000
222884	0.00000
438328	0.00000
1209519	0.00000
759868	0.00000
455922	0.00000
487029	0.00000
1553278	0.00000
1104733	0.00000
1178377	0.00000
365680	0.00000
235715	0.00000
1124220	0.00000
1509803	0.00000
863782	0.00000
1403752	0.00000
747103	0.00000
1054228	0.00000
1092807	0.00000
840200	0.00000
277931	0.00000
9310	0.00000
191859	0.00000
235733	0.00000
1337667	0.00000
101774	0.00000
595388	0.00000
572521	0.00000
4338945	0.00000
465291	0.00000
802111	0.00000
1601573	0.00000
285468	0.00000
1178390	0.00000
653992	0.00000
1513663	0.00000
400265	0.00000
273590	0.00000
951225	0.00000
304436	0.00000
3892599	0.00000
120908	0.00000
1025001	0.00000
75356	0.00000
120911	0.00000
2218573	0.00000
677657	0.00000
304445	0.00000
438368	0.00000
24737	0.00000
847944	0.00000
1663755	0.00000
855155	0.00000
381057	0.00000
24767	0.00000
9338	0.00000
48326	0.00000
5119766	0.00000
1258010	0.00000
610646	0.00000
469504	0.00000
491505	0.00000
201101	0.00000
482709	0.00000
1266753	0.00000
273489	0.00000
66782	0.00000
677877	0.00000
495838	0.00000
52143	0.00000
976379	0.00000
52142	0.00000
346307	0.00000
52147	0.00000
460917	0.00000
413312	0.00000
71165	0.00000
52154	0.00000
304579	0.00000
71167	0.00000
848053	0.00000
509244	0.00000
905437	0.00000
1011299	0.00000
448006	0.00000
63698	0.00000
257981	0.00000
9382	0.00000
797937	0.00000
1566314	0.00000
681095	0.00000
5264955	0.00000
1054463	0.00000
370652	0.00000
576272	0.00000
5334848	0.00000
1143412	0.00000
71134	0.00000
1037481	0.00000
323600	0.00000
1150063	0.00000
3411207	0.00000
66794	0.00000
3435430	0.00000
71131	0.00000
883490	0.00000
143842	0.00000
2354597	0.00000
870410	0.00000
9410	0.410116
1128133	0.00000
71076	0.00000
114245	0.00000
44366	0.410116
28986	0.00000
191973	0.00000
1124349	0.00000
59784	0.00000
52200	0.00000
191975	0.00000
48250	0.00000
285569	0.00000
1456205	0.00000
17001	0.00000
1058263	0.00000
1130816	0.00000
9430	0.00000
335210	0.00000
2848246	0.00000
343810	0.00000
1469865	0.00000
178183	0.00000
1549017	0.00000
2570581	0.00000
1092707	0.00000
24611	0.00000
1050499	0.00000
1357188	0.00000
4427095	0.00000
59816	0.00000
79856	0.00000
863902	0.00000
265802	0.00000
48192	0.00000
905359	0.00000
4528455	0.00000
1469833	0.00000
1383490	0.00000
71064	0.00000
359393	0.00000
1337831	0.00000
9464	0.00000
24632	0.00000
28938	0.00000
105980	0.00000
1586600	0.00000
425054	0.00000
1518232	0.00000
129882	0.00000
114580	0.00000
114581	0.00000
135720	0.00000
195850	0.00000
843790	0.00000
1180186	0.00000
473764	0.00000
116764	0.00000
3435025	0.00000
840521	0.00000
1215373	0.00000
1089239	0.00000
266174	0.00000
924259	0.00000
1531176	0.00000
1589785	0.00000
285296	0.00000
1062158	0.00000
1434515	0.00000
21164	0.00000
2362762	0.00000
105941	0.00000
864089	0.00000
1513956	0.00000
786334	0.00000
1249597	0.00000
9518	0.00000
9519	0.00000
685106	0.00000
1566688	0.00000
226957	0.00000
1760985	0.00000
209486	0.00000
1159144	0.00000
690771	0.00000
292981	0.00000
1403505	0.00000
1006796	0.00000
86271	0.00000
174264	0.00000
21184	0.00000
1154231	0.00000
59403	0.00000
277665	0.00000
482393	0.00000
1760949	0.00000
91057	0.00000
1976435	0.00000
417378	0.00000
541536	0.00000
285239	0.00000
25020	0.00000
843879	0.00000
56174	0.00000
1245248	0.00000
768786	0.00000
794225	0.00000
1253923	0.00000
21222	0.00000
1093109	0.00000
1006821	0.00000
522118	0.00000
1751085	0.00000
407797	0.00000
114677	0.00000
135760	0.00000
110297	0.00000
79467	0.00000
257651	0.00000
9579	0.00000
200803	0.00000
583845	0.00000
21238	0.00000
417350	0.00000
94887	0.00000
487203	0.00000
1368570	0.00000
747402	0.00000
222985	0.00000
962837	0.00000
425175	0.00000
381289	0.00000
565190	0.00000
273741	0.00000
747405	0.00000
425171	0.00000
2731168	0.00000
994202	0.00000
513288	0.00000
825104	0.00000
431097	0.00000
3549736	0.00000
101461	0.00000
549315	0.00000
188410	0.00000
1128320	0.00000
695221	0.00000
226853	0.00000
848280	0.00000
425207	0.00000
1513824	0.00000
568498	0.00000
376955	0.00000
262047	0.00000
747439	0.00000
773196	0.00000
747424	0.00000
504714	0.00000
504713	0.00000
2562670	0.00000
603704	0.00000
541599	0.00000
998029	0.00000
729957	0.00000
469822	0.00000
79547	0.00000
24956	0.00000
79525	0.00000
1306555	0.00000
1128359	0.00000
667770	0.00000
504730	0.00000
17165	0.00000
24852	0.00000
56261	0.00000
898829	0.00000
205707	0.00000
66948	0.00000
24860	0.00000
905633	0.00000
1456475	0.00000
59546	0.00000
1020169	0.00000
24859	0.00000
1115277	0.00000
40713	0.00000
645503	0.00000
5744577	0.00000
3360316	0.00000
121315	0.00000
708104	0.00000
9670	0.00000
451632	0.00000
843995	0.00000
1205357	0.00000
79558	0.00000
1306587	0.00000
403834	0.00000
269894	0.00000
1297840	0.00000
2932914	0.00000
90881	0.00000
51926	0.00000
777532	0.00000
281485	0.00000
473670	0.00000
1349365	0.00000
451597	0.00000
1306594	0.00000
832784	0.00000
1919030	0.00000
885870	0.00000
94756	0.00000
79597	0.00000
277507	0.00000
3554157	0.00000
941644	0.00000
231504	0.00000
36363	0.00000
94767	0.00000
128188	0.00000
1856560	0.00000
1563497	0.00000
2199580	0.00000
947001	0.00000
442106	0.00000
72603	0.00000
763300	0.00000
297413	0.00000
80376	0.00000
1380942	0.00000
2489965	0.00000
702123	0.00000
68258	0.00000
487815	0.00000
4217185	0.00000
693448	0.00000
19542	0.636514
138699	0.00000
50635	0.00000
1441141	0.00000
59305	0.00000
288499	0.00000
631258	0.00000
3707838	0.00000
28193	0.00000
306108	0.00000
530698	0.00000
1443087	0.00000
10971	0.00000
19583	0.00000
284052	0.00000
19580	0.00000
19571	0.00000
570080	0.00000
2771608	0.00000
19574	0.00000
68226	0.00000
32548	0.00000
374932	0.00000
19564	0.00000
350131	0.00000
1287195	0.00000
147359	0.00000
238879	0.00000
309935	0.00000
124336	0.00000
503228	0.00000
85551	0.00000
3173754	0.00000
4388525	0.00000
15232	0.00000
340335	0.00000
106759	0.00000
41776	0.00000
678353	0.00000
1202256	0.00000
418521	0.00000
353415	0.00000
97647	0.00000
54457	0.00000
1080923	0.00000
1583915	0.00000
953714	0.00000
235055	0.00000
80288	0.00000
786584	0.00000
270968	0.00000
1490840	0.00000
388401	0.00000
357765	0.00000
33146	0.00000
1429083	0.00000
4424491	0.00000
587364	0.00000
557557	0.00000
472352	0.00000
262187	0.00000
371198	0.00000
433396	0.00000
23808	0.00000
2259214	0.00000
3173715	0.00000
747670	0.00000
774725	0.00000
59342	0.00000
1429062	0.00000
472377	0.00000
246768	0.00000
1566790	0.00000
128194	0.00000
204684	0.00000
124401	0.00000
587383	0.00000
180685	0.00000
28227	0.00000
189359	0.00000
10865	0.00000
59185	0.00000
1441263	0.00000
50523	0.00000
1063498	0.00000
953768	0.00000
912717	0.00000
966374	0.00000
349982	0.00000
658662	0.00000
10859	0.00000
283940	0.00000
652458	0.00000
1294891	0.00000
398771	0.00000
763150	0.00000
510966	0.00000
212287	0.00000
587432	0.00000
864519	0.00000
33210	0.00000
578764	0.00000
724708	0.00000
1128537	0.00000
992348	0.00000
262395	0.00000
548177	0.00000
977718	0.00000
778718	0.00000
1142195	0.00000
28299	0.00000
464793	0.00000
1995407	0.00000
380807	0.00000
407498	0.00000
97672	0.00000
799524	0.00000
634952	0.00000
306030	0.00000
10803	0.00000
931639	0.00000
54317	0.00000
1117033	0.00000
503097	0.00000
254240	0.00000
3913554	0.00000
1046600	0.00000
184389	0.00000
19611	0.00000
407456	0.00000
106896	0.00000
23991	0.00000
239097	0.00000
552544	0.00000
279640	0.00000
631060	0.00000
1559168	0.00000
2125024	0.00000
747575	0.00000
37113	0.00000
522459	0.00000
90034	0.00000
693290	0.00000
235162	0.00000
2689222	0.00000
103159	0.00000
323467	0.00000
97752	0.00000
93417	0.00000
1918928	0.00000
852496	0.00000
1587884	0.00000
556908	0.00000
1302532	0.00000
441884	0.00000
1249056	0.00000
569898	0.00000
184440	0.00000
3173829	0.00000
1302558	0.00000
235149	0.00000
297279	0.00000
3349516	0.00000
1142261	0.00000
3701874	0.00000
444827	0.00000
128073	0.00000
587512	0.00000
444541	0.00000
28456	0.00000
1563262	0.00000
89675	0.00000
262490	0.00000
98869	0.00000
592689	0.00000
437969	0.00000
301550	0.00000
592691	0.00000
522516	0.00000
4596554	0.00000
1345985	0.00000
790768	0.00000
413916	0.00000
774966	0.00000
507343	0.00000
556686	0.00000
1570830	0.00000
724805	0.00000
143249	0.00000
2177783	0.00000
592677	0.00000
437958	0.00000
149818	0.00000
592673	0.00000
3486505	0.00000
556676	0.00000
592671	0.00000
15097	0.00000
507385	0.00000
1516619	0.00000
138484	0.00000
592669	0.00000
592668	0.00000
2406819	0.00000
767396	0.00000
15101	0.00000
149761	0.00000
246455	0.00000
72361	0.00000
592663	0.00000
63409	0.00000
592661	0.00000
592660	0.00000
89701	0.00000
98839	0.00000
592659	0.00000
1419688	0.00000
946690	0.00000
1103060	0.00000
592656	0.00000
180374	0.00000
32299	0.00000
592653	0.00000
89723	0.00000
648232	0.00000
413944	0.00000
644986	0.00000
120826	0.00000
437992	0.00000
85830	0.00000
487585	0.00000
530437	0.00000
310206	0.00000
138474	0.00000
922825	0.00000
28522	0.00000
1169039	0.00000
790689	0.00000
1159212	0.00000
128481	0.00000
775020	0.00000
804189	0.00000
384832	0.00000
786820	0.00000
314433	0.00000
429295	0.00000
678084	0.00000
1513317	0.00000
162344	0.00000
1957583	0.00000
375279	0.00000
547997	0.00000
153715	0.00000
41485	0.00000
227362	0.00000
874103	0.00000
689287	0.00000
80001	0.00000
1583617	0.00000
380497	0.00000
1055177	0.00000
180439	0.00000
968833	0.00000
37187	0.00000
353725	0.00000
63254	0.00000
1831116	0.00000
32411	0.00000
266466	0.00000
610175	0.00000
58923	0.00000
1081739	0.00000
58924	0.00000
327622	0.00000
384911	0.00000
728825	0.00000
111094	0.00000
340143	0.00000
957847	0.00000
336286	0.00000
570185	0.00000
1059449	0.00000
403402	0.00000
11074	0.00000
11075	0.00000
11076	0.00000
89826	0.00000
830109	0.00000
1531908	0.00000
3177908	0.00000
11078	0.00000
518280	0.00000
409948	0.00000
328647	0.00000
422414	0.00000
212001	0.00000
1169001	0.00000
46077	0.562335
169454	0.00000
934340	0.00000
770730	0.00000
76131	0.00000
713467	0.00000
116291	0.00000
1276412	0.00000
231136	0.00000
561419	0.00000
349730	0.00000
200549	0.00000
1536301	0.00000
1388928	0.00000
658858	0.00000
89729	0.00000
1072566	0.00000
996375	0.00000
89732	0.00000
188942	0.00000
984899	0.00000
526799	0.00000
162482	0.00000
89739	0.00000
375153	0.00000
204327	0.00000
1437056	0.00000
1458239	0.00000
89743	0.00000
510601	0.00000
1094276	0.00000
72275	0.00000
37351	0.00000
1187087	0.00000
89752	0.00000
645019	0.00000
1116776	0.00000
79930	0.00000
32991	0.00000
1471352	0.00000
68461	0.00000
14858	0.00000
19876	0.00000
193310	0.00000
574626	0.00000
58946	0.00000
1081827	0.00000
1039123	0.00000
1559468	0.00000
1241618	0.00000
547871	0.00000
2732808	0.00000
89775	0.00000
448943	0.00000
1213851	0.00000
709099	0.00000
134427	0.00000
561476	0.00000
54532	0.00000
41621	0.00000
297003	0.00000
1206972	0.00000
953543	0.00000
1287627	0.00000
1458182	0.00000
116233	0.00000
1141995	0.00000
4371395	0.00000
834544	0.00000
1141997	0.00000
464584	0.00000
314592	0.00000
988744	0.00000
518942	0.00000
969672	0.00000
1952913	0.00000
45166	0.00000
24396	0.00000
58783	0.00000
223809	0.00000
483993	0.00000
483989	0.00000
1241544	0.00000
146827	0.00000
76513	0.00000
76516	0.00000
483985	0.00000
483984	0.00000
2067507	0.00000
652823	0.00000
1120426	0.00000
2324836	0.00000
243236	0.00000
483976	0.00000
1292065	0.00000
483978	0.00000
1292064	0.00000
839602	0.00000
522808	0.00000
2420575	0.00000
274734	0.00000
157803	0.00000
340765	0.00000
510296	0.00000
322914	0.00000
3178520	0.00000
887159	0.00000
188884	0.00000
414672	0.00000
1508629	0.00000
2200087	0.00000
98103	0.00000
1173125	0.00000
1292058	0.00000
51152	0.00000
705340	0.00000
55033	0.00000
600669	0.00000
1287741	0.00000
869418	0.00000
169560	0.00000
32017	0.00000
399108	0.00000
552098	0.00000
586768	0.00000
1527945	0.00000
728338	0.00000
626941	0.00000
626940	0.00000
1536749	0.00000
24334	0.00000
349677	0.00000
561856	0.00000
2014483	0.00000
139177	0.00000
833662	0.00000
779027	0.00000
246259	0.00000
464216	0.00000
212960	0.00000
230707	0.00000
154487	0.00000
305618	0.00000
1195219	0.00000
716816	0.00000
349693	0.00000
72167	0.00000
119973	0.00000
449056	0.00000
926898	0.00000
1558552	0.00000
2883715	0.00000
475289	0.00000
575263	0.00000
102490	0.00000
988641	0.00000
80819	0.00000
475285	0.00000
1103802	0.00000
1146476	0.00000
1080413	0.00000
2841576	0.00000
1116663	0.00000
380271	0.00000
315230	0.00000
1593220	0.00000
495047	0.00000
464260	0.00000
488230	0.00000
188799	0.00000
326901	0.00000
1831926	0.00000
1455323	0.00000
4802637	0.00000
904466	0.00000
1948545	0.00000
1597005	0.00000
556333	0.00000
779203	0.00000
399294	0.00000
326899	0.00000
139108	0.00000
14710	0.00000
826062	0.00000
76405	0.00000
583041	0.00000
375325	0.00000
5432426	0.00000
946570	0.00000
728518	0.00000
139120	0.00000
1008271	0.00000
154550	0.00000
24538	0.00000
181051	0.00000
1380555	0.00000
10353	0.00000
544337	0.00000
539085	0.00000
1151384	0.00000
188754	0.00000
45260	0.00000
779238	0.00000
71967	0.00000
169670	0.00000
319149	0.00000
142350	0.00000
14675	0.00000
494860	0.00000
569436	0.00000
1257268	0.00000
326850	0.00000
154519	0.00000
116094	0.00000
494858	0.00000
10259	0.00000
280170	0.00000
20147	0.00000
1583511	0.00000
119857	0.00000
14629	0.00000
565529	0.00000
45227	0.00000
27871	0.00000
779141	0.00000
406936	0.00000
1380515	0.00000
1094067	0.00000
154619	0.00000
1027979	0.00000
45241	0.00000
417917	0.00000
965775	0.00000
816548	0.00000
58738	0.00000
1490229	0.00000
2550726	0.00000
1371310	0.00000
1462802	0.00000
212828	0.00000
85153	0.00000
165810	0.00000
212823	0.00000
2415863	0.00000
27903	0.00000
779192	0.00000
475139	0.00000
1038388	0.00000
219628	0.00000
1853393	0.00000
215249	0.00000
1202902	0.00000
510347	0.00000
1202903	0.00000
89482	0.00000
332179	0.00000
162224	0.00000
326789	0.00000
613609	0.00000
1008394	0.00000
622751	0.00000
527141	0.00000
14578	0.00000
1142314	0.00000
55247	0.00000
2584748	0.00000
752373	0.00000
128913	0.00000
280492	0.00000
111440	0.00000
97815	0.00000
1241295	0.00000
67973	0.00000
115963	0.00000
31770	0.00000
3583966	0.00000
309633	0.00000
336647	0.00000
783169	0.00000
1120655	0.00000
188617	0.00000
488085	0.00000
20292	0.00000
429738	0.00000
1552381	0.00000
1597418	0.00000
839297	0.00000
1195435	0.00000
302077	0.00000
146601	0.00000
1415374	0.00000
437447	0.00000
327002	0.00000
20266	0.00000
2768467	0.00000
565388	0.00000
523134	0.00000
102757	0.00000
80517	0.00000
292010	0.00000
336749	0.00000
414374	0.00000
135054	0.00000
1587508	0.00000
1294845	0.00000
31861	0.00000
770175	0.00000
102780	0.00000
230432	0.00000
444940	0.00000
327956	0.00000
20283	0.00000
200096	0.00000
375745	0.00000
98370	0.00000
1214245	0.00000
200082	0.00000
1523850	0.00000
1051340	0.00000
398921	0.00000
1307274	0.00000
102727	0.00000
961552	0.00000
37749	0.00000
393018	0.00000
843756	0.00000
10683	0.00000
878358	0.00000
1261526	0.00000
942408	0.00000
340588	0.00000
569729	0.00000
531090	0.00000
1512863	0.00000
371237	0.00000
97934	0.00000
484105	0.00000
328152	0.00000
362588	0.00000
1521634	0.00000
778953	0.00000
518801	0.00000
208651	0.00000
395143	0.00000
1063267	0.00000
336818	0.00000
1042974	0.00000
993115	0.00000
445134	0.00000
366937	0.00000
319406	0.00000
779005	0.00000
689770	0.00000
1393707	0.00000
1248344	0.00000
33408	0.00000
1701542	0.00000
1120516	0.00000
829627	0.00000
531121	0.00000
1116214	0.00000
1142423	0.00000
709523	0.00000
644559	0.00000
494601	0.00000
362597	0.00000
556056	0.00000
561952	0.00000
1042994	0.00000
452744	0.00000
71704	0.00000
319415	0.00000
297543	0.00000
882403	0.00000
50782	0.00000
1103471	0.00000
908549	0.00000
864807	0.00000
41095	0.00000
239324	0.00000
33509	0.00000
55060	0.00000
728199	0.00000
165504	0.00000
345436	0.00000
1393757	0.00000
402855	0.00000
384494	0.00000
1055556	0.00000
421968	0.00000
904280	0.00000
1346348	0.00000
839265	0.00000
527354	0.00000
1441415	0.00000
908640	0.00000
102906	0.00000
10526	0.00000
557632	0.00000
33472	0.00000
154333	0.00000
33476	0.00000
1038645	0.00000
667078	0.00000
712837	0.00000
188423	0.00000
908627	0.00000
1587613	0.00000
1225971	0.00000
712863	0.00000
794985	0.00000
192814	0.00000
774653	0.00000
557655	0.00000
115759	0.00000
138758	0.00000
192807	0.00000
2041402	0.00000
527320	0.00000
689712	0.00000
315076	0.00000
622202	0.00000
3412407	0.00000
1576276	0.00000
643602	0.00000
5443464	0.00000
1005359	0.00000
542879	0.00000
22831	0.693147
176740	0.00000
100208	0.00000
2749025	0.00000
410802	0.00000
146426	0.00000
100211	0.00000
723482	0.00000
298392	0.00000
255413	0.00000
1005374	0.00000
1144943	0.00000
558536	0.00000
11946	0.00000
383595	0.00000
42769	0.00000
2000965	0.00000
1515794	0.00000
1512014	0.00000
228662	0.00000
18491	0.00000
53387	0.00000
11911	0.00000
1118161	0.00000
748703	0.00000
3568839	0.00000
939300	0.00000
1125815	0.00000
484557	0.00000
115609	0.00000
372193	0.00000
571065	0.00000
488953	0.00000
4398982	0.00000
511827	0.00000
58289	0.00000
608995	0.00000
692426	0.00000
1315964	0.00000
53482	0.00000
582459	0.00000
224359	0.00000
46670	0.00000
199387	0.00000
449603	0.00000
287484	0.00000
463670	0.00000
498357	0.00000
1401289	0.00000
329319	0.00000
558474	0.00000
488859	0.00000
1588830	0.00000
88905	0.00000
77029	0.00000
577602	0.00000
84545	0.00000
1397416	0.00000
4064141	0.00000
1118092	0.00000
800689	0.00000
463628	0.00000
2113004	0.00000
2252576	0.00000
748742	0.00000
555955	0.00000
1849006	0.00000
922019	0.00000
46710	0.00000
1445934	0.00000
1141052	0.00000
163668	0.00000
49645	0.00000
1148441	0.00000
107897	0.00000
758469	0.00000
402056	0.00000
449689	0.00000
601225	0.00000
2181291	0.00000
1141192	0.00000
22954	0.00000
1554698	0.00000
92354	0.00000
337115	0.00000
779695	0.00000
1251900	0.00000
228764	0.00000
570885	0.00000
1498513	0.00000
383693	0.00000
11824	0.00000
601221	0.00000
364350	0.00000
3301069	0.00000
141888	0.00000
965291	0.00000
159360	0.00000
943834	0.00000
1956692	0.00000
100338	0.00000
930597	0.00000
27360	0.00000
267690	0.00000
562252	0.00000
1181977	0.00000
463809	0.00000
317659	0.00000
287255	0.00000
42894	0.00000
2591080	0.00000
1949145	0.00000
1152997	0.00000
11897	0.00000
1212662	0.00000
43003	0.00000
163808	0.00000
536317	0.00000
1182065	0.00000
1051935	0.00000
397716	0.00000
27313	0.00000
1171461	0.00000
536307	0.00000
76869	0.00000
1242989	0.00000
150714	0.00000
536296	0.00000
287344	0.00000
53368	0.00000
853602	0.00000
536301	0.00000
155037	0.00000
484385	0.00000
540626	0.00000
278554	0.00000
419375	0.00000
255302	0.00000
419368	0.00000
263402	0.00000
306953	0.00000
428294	0.00000
298347	0.00000
758366	0.00000
536278	0.00000
287315	0.00000
1064570	0.00000
302144	0.00000
471548	0.00000
573932	0.00000
81225	0.00000
965323	0.00000
62015	0.00000
869006	0.00000
241832	0.00000
1117971	0.00000
865563	0.00000
84784	0.00000
536358	0.00000
22576	0.00000
536367	0.00000
81065	0.00000
317798	0.00000
322102	0.00000
5549045	0.00000
216915	0.00000
436895	0.00000
835395	0.00000
796655	0.00000
99943	0.00000
865516	0.00000
16000	0.00000
181488	0.00000
762087	0.00000
531565	0.00000
88602	0.00000
477080	0.00000
477083	0.00000
333370	0.00000
628706	0.00000
484805	0.00000
853896	0.00000
536322	0.00000
687760	0.00000
908272	0.00000
242021	0.00000
69593	0.00000
1022808	0.00000
458573	0.00000
536341	0.00000
423638	0.00000
477119	0.00000
127448	0.00000
228405	0.00000
494334	0.00000
1595784	0.00000
506280	0.00000
1546953	0.00000
33914	0.00000
69580	0.00000
562610	0.00000
917940	0.00000
159561	0.00000
84861	0.00000
88653	0.00000
22654	0.00000
696963	0.00000
1450565	0.00000
562594	0.00000
194543	0.00000
1030464	0.00000
1030470	0.00000
348808	0.00000
1110663	0.00000
562598	0.00000
411119	0.00000
1110668	0.00000
562607	0.00000
1075772	0.00000
69546	0.00000
42562	0.00000
298234	0.00000
1095280	0.00000
1871230	0.00000
176920	0.00000
16120	0.00000
1277282	0.00000
2709742	0.00000
2339617	0.00000
77306	0.00000
1239008	0.00000
974312	0.00000
536400	0.00000
926694	0.00000
1060562	0.00000
1401082	0.00000
383786	0.00000
1125614	0.00000
62377	0.00000
224583	0.00000
697008	0.00000
846533	0.00000
454360	0.00000
168338	0.00000
5241182	0.00000
454367	0.00000
163514	0.00000
84912	0.00000
558151	0.00000
172747	0.00000
612866	0.00000
947943	0.00000
1311898	0.00000
723866	0.00000
57955	0.00000
12095	0.00000
1507069	0.00000
527834	0.00000
31433	0.00000
1167891	0.00000
511637	0.00000
463586	0.00000
546841	0.00000
1051755	0.00000
84892	0.00000
705733	0.00000
3214417	0.00000
803324	0.00000
255005	0.00000
49185	0.00000
511677	0.00000
62318	0.00000
846341	0.00000
511679	0.00000
609032	0.00000
1393236	0.00000
1095336	0.00000
115201	0.00000
31460	0.00000
1278892	0.00000
115204	0.00000
1311913	0.00000
679021	0.00000
42640	0.00000
536554	0.00000
3136892	0.00000
3556984	0.00000
571230	0.00000
251688	0.00000
352591	0.00000
727788	0.00000
822492	0.00000
842031	0.00000
458659	0.00000
1199287	0.00000
81021	0.00000
494107	0.00000
1095368	0.00000
12153	0.00000
531618	0.00000
1300025	0.00000
267519	0.00000
450000	0.00000
47099	0.00000
1071577	0.00000
53595	0.00000
317825	0.00000
12109	0.00000
115291	0.00000
12096	0.00000
12097	0.00000
12099	0.00000
31413	0.00000
127263	0.00000
616748	0.00000
744982	0.00000
99976	0.00000
333538	0.00000
172723	0.00000
33980	0.00000
1098098	0.00000
796425	0.00000
12112	0.00000
356431	0.00000
137324	0.00000
12115	0.00000
150936	0.00000
12119	0.00000
1255436	0.00000
1966083	0.00000
145868	0.00000
970630	0.00000
73202	0.00000
1511495	0.00000
108321	0.00000
947536	0.00000
46120	0.00000
2556539	0.00000
532296	0.00000
1525178	0.00000
233488	0.00000
348646	0.00000
1083006	0.00000
551133	0.00000
88356	0.00000
1176519	0.00000
727307	0.00000
608407	0.00000
964608	0.00000
387883	0.00000
1393096	0.00000
523894	0.00000
853131	0.00000
551115	0.00000
118955	0.00000
494062	0.00000
1286740	0.00000
220536	0.00000
749229	0.00000
53925	0.00000
138116	0.00000
26751	0.00000
458845	0.00000
665677	0.00000
1498887	0.00000
780091	0.00000
164648	0.00000
97121	0.00000
1563959	0.00000
1161006	0.00000
1481675	0.00000
115130	0.00000
807710	0.00000
376458	0.00000
19061	0.693147
1359288	0.00000
255946	0.00000
1324086	0.00000
23373	1.09861
23372	0.693147
50169	0.00000
471913	0.00000
68750	0.00000
1067896	0.00000
1242585	0.00000
1121441	0.00000
387945	0.00000
415713	0.00000
643175	0.00000
1121444	0.00000
436725	0.00000
1396927	0.00000
853185	0.00000
5045472	0.00000
279223	0.00000
314166	0.00000
53977	0.00000
405838	0.00000
1576724	0.00000
198856	0.00000
991985	0.00000
723013	0.00000
99626	0.00000
1194146	0.00000
42362	0.00000
30984	0.00000
555414	0.00000
1145377	0.00000
511303	0.00000
275726	0.00000
2997308	0.00000
1132916	0.00000
182188	0.00000
415691	0.00000
19023	0.00000
562875	0.00000
606061	0.00000
314337	0.00000
238528	0.00000
489324	0.00000
34814	0.00000
3173343	0.00000
706527	0.00000
344159	0.00000
3340045	0.00000
77345	0.00000
1564039	0.00000
158907	0.00000
103663	0.00000
344135	0.00000
57674	0.00000
446366	0.00000
1700810	0.00000
112265	0.00000
1883629	0.00000
15624	0.00000
401548	0.00000
97277	0.00000
401550	0.00000
1260119	0.00000
15628	0.00000
520188	0.00000
784020	0.00000
46223	0.00000
608296	0.00000
652027	0.00000
463340	0.00000
1278086	0.00000
502577	0.00000
1067922	0.00000
450196	0.00000
811181	0.00000
11319	0.00000
706552	0.00000
446394	0.00000
1320437	0.00000
57708	0.00000
46237	0.00000
155602	0.00000
446387	0.00000
2282534	0.00000
23495	0.00000
597427	0.00000
68610	0.00000
446407	0.00000
651925	0.00000
388092	0.00000
983084	0.00000
593049	0.00000
172448	0.00000
1533709	0.00000
81738	0.00000
310307	0.00000
5835157	0.00000
229359	0.00000
263931	0.00000
857411	0.00000
99753	0.00000
428840	0.00000
974424	0.00000
555274	0.00000
974429	0.00000
1171983	0.00000
372503	0.00000
463270	0.00000
15684	0.00000
164859	0.00000
23526	0.00000
670122	0.00000
710286	0.00000
1507728	0.00000
348429	0.00000
1071868	0.00000
26793	0.00000
11368	0.00000
627715	0.00000
1121281	0.00000
1599776	0.00000
428853	0.00000
34689	0.00000
141805	0.00000
593238	0.00000
3110002	0.00000
4089460	0.00000
328967	0.00000
186358	0.00000
683430	0.00000
23068	0.00000
612523	0.00000
662067	0.00000
744666	0.00000
77733	0.00000
176460	0.00000
164378	0.00000
368043	0.00000
114819	0.00000
428736	0.00000
114828	0.00000
1464254	0.00000
310772	0.00000
1591999	0.00000
749497	0.00000
662046	0.00000
515382	0.00000
84275	0.00000
54202	0.00000
172097	0.00000
1498645	0.00000
72918	0.00000
108036	0.00000
1421274	0.00000
108034	0.00000
2193522	0.00000
229379	0.00000
112443	0.00000
892163	0.00000
1056751	0.00000
467774	0.00000
1485195	0.00000
1086999	0.00000
652033	0.00000
321630	0.00000
621187	0.00000
779870	0.00000
30768	0.00000
23120	0.00000
81607	0.00000
1056658	0.00000
279482	0.00000
119271	0.00000
186300	0.00000
54239	0.00000
881235	0.00000
688839	0.00000
693239	0.00000
264051	0.00000
11723	0.00000
1031015	0.00000
15590	0.00000
46437	0.00000
960615	0.00000
1035505	0.00000
15586	0.00000
1199646	0.00000
1563714	0.00000
313895	0.00000
134102	0.00000
744593	0.00000
81629	0.00000
498102	0.00000
1176226	0.00000
42084	0.00000
291022	0.00000
313880	0.00000
49870	0.00000
900913	0.00000
700852	0.00000
731952	0.00000
92958	0.00000
952895	0.00000
15556	0.00000
710412	0.00000
493715	0.00000
199114	0.00000
72855	0.00000
1714195	0.00000
108108	0.00000
176422	0.00000
1584266	0.00000
803829	0.00000
202759	0.00000
612394	0.00000
574124	0.00000
440585	0.00000
471741	0.00000
1507555	0.00000
220363	0.00000
489074	0.00000
3894297	0.00000
766826	0.00000
133896	0.00000
15400	0.00000
2062313	0.00000
1603946	0.00000
1207475	0.00000
471719	0.00000
42135	0.00000
133912	0.00000
493686	0.00000
1273520	0.00000
233891	0.00000
498041	0.00000
332951	0.00000
54078	0.00000
372288	0.00000
54079	0.00000
394229	0.00000
1654694	0.00000
271871	0.00000
151528	0.00000
392121	0.00000
1087223	0.00000
97021	0.00000
1320163	0.00000
1988509	0.00000
775670	0.00000
440629	0.00000
233918	0.00000
137738	0.00000
502351	0.00000
419130	0.00000
3468241	0.00000
1126015	0.00000
23257	0.00000
1087130	0.00000
1506446	0.00000
23256	0.00000
493611	0.00000
647870	0.00000
547419	0.00000
536005	0.00000
696361	0.00000
15479	0.00000
1238380	0.00000
84436	0.00000
49788	0.00000
172214	0.00000
735920	0.00000
1059926	0.00000
176520	0.00000
337855	0.00000
727256	0.00000
1894729	0.00000
1211888	0.00000
1580988	0.00000
612428	0.00000
471764	0.00000
163065	0.00000
939713	0.00000
164586	0.00000
176570	0.00000
216478	0.00000
1221003	0.00000
4682260	0.00000
647828	0.00000
845947	0.00000
68907	0.00000
480366	0.00000
735888	0.00000
1009594	0.00000
103836	0.00000
1560020	0.00000
