365145	0.00000
757598	0.00000
1383126	0.00000
3241645	0.00000
1239620	0.00000
598234	0.00000
3206188	0.00000
17612	0.00000
2004371	0.00000
1390761	0.00000
474569	0.00000
4530113	0.00000
1153950	0.00000
4499231	0.00000
497168	0.00000
252425	0.00000
3267936	0.00000
970849	0.00000
2140613	0.00000
78147	0.00000
264434	0.00000
580825	0.00000
546138	0.00000
156389	0.00000
359760	0.00000
5796411	0.00000
1025489	0.00000
893368	0.00000
757612	0.00000
4598501	0.00000
17653	0.00000
4288919	0.00000
1313250	0.00000
321475	0.00000
1321860	0.00000
5451826	0.00000
1569197	0.00000
554836	0.00000
964262	0.00000
676177	0.00000
1224384	0.00000
1439159	0.00000
684840	0.00000
554820	0.00000
26357	0.00000
970775	0.00000
607783	0.00000
218107	0.00000
202553	0.00000
140881	0.00000
1330500	0.00000
3206264	0.00000
156308	0.00000
26361	0.00000
4289017	0.00000
70492	0.00000
1092231	0.00000
442774	0.00000
442775	0.00000
17579	0.00000
3206216	0.00000
1951323	0.00000
854552	0.00000
2184624	0.00000
819132	0.00000
580742	0.00000
598181	0.00000
3188881	0.00000
1439117	0.00000
970810	0.00000
26333	0.693147
571945	0.00000
719492	0.00000
780659	0.00000
167269	0.00000
3418417	0.00000
695509	0.00000
879682	0.00000
1530620	0.00000
3926650	0.00000
745722	0.00000
122564	0.00000
730175	0.00000
175881	0.00000
660805	0.00000
3232858	0.00000
122586	0.00000
3241531	0.00000
26160	0.00000
202751	0.00000
1475744	0.00000
885626	0.00000
1230981	0.00000
122604	0.00000
3188808	0.00000
1408221	0.00000
359902	0.00000
104995	0.00000
3241474	0.00000
1561428	0.00000
2816071	0.00000
642883	0.00000
1469344	0.00000
26132	0.00000
442682	0.00000
1100941	0.00000
633245	0.00000
1109735	0.00000
396402	0.00000
17408	0.00000
554963	0.00000
1490989	0.00000
1171358	0.00000
17429	0.00000
528741	0.00000
321327	0.00000
132282	0.00000
1040887	0.00000
1161526	0.00000
1821258	0.00000
2105487	0.00000
225569	0.00000
1408148	0.00000
290448	0.00000
1408150	0.00000
1181064	0.00000
1439006	0.00000
537392	0.00000
122554	0.00000
1057694	0.00000
52664	0.693147
3734889	0.00000
396365	0.00000
252636	0.00000
810332	0.00000
5236182	0.00000
3313662	0.00000
563490	0.00000
545894	0.00000
3418284	0.00000
1361294	0.00000
3682758	0.00000
3735727	0.00000
1224592	0.00000
1453771	0.00000
2105696	0.00000
964580	0.00000
1126759	0.00000
70150	0.00000
1017477	0.00000
2140388	0.00000
130348	0.00000
1025263	0.00000
581117	0.00000
382890	0.00000
43733	0.00000
642765	0.00000
191095	0.00000
563467	0.00000
217747	0.00000
35000	1.09861
823761	0.00000
202314	0.00000
537329	0.00000
1126722	0.00000
342164	0.00000
1408340	0.00000
615740	0.00000
1215937	0.00000
390571	0.00000
405383	0.00000
474240	0.00000
1338921	0.00000
77879	0.00000
451270	0.00000
1321703	0.00000
202292	0.00000
772805	0.00000
2004189	0.00000
489545	0.00000
880021	0.00000
5807212	0.00000
26616	0.00000
1794109	0.00000
823727	0.00000
245197	0.00000
537232	0.00000
359486	0.00000
1343771	0.00000
528638	0.00000
765045	0.00000
4056835	0.00000
704373	0.00000
3189160	0.00000
420701	0.00000
1383318	0.00000
77842	0.00000
1057303	0.00000
87732	0.00000
1523105	0.00000
1308725	0.00000
545805	0.00000
411913	0.00000
3189151	0.00000
359428	0.00000
660664	0.00000
17831	0.00000
745754	0.00000
684574	0.00000
105446	0.00000
35055	0.00000
1258854	0.00000
290580	0.00000
722868	0.00000
17833	0.693147
77838	0.00000
642668	0.00000
2280114	0.00000
1421474	0.00000
1603471	0.00000
757445	0.00000
1258903	0.00000
9213	0.00000
26428	0.00000
1240018	0.00000
580961	0.00000
147772	0.00000
719721	0.00000
43638	0.00000
3189099	0.00000
9195	0.693147
52425	0.00000
1017355	0.00000
9194	0.00000
9193	0.00000
1438837	0.00000
290806	0.00000
1538460	0.00000
147744	0.00000
390513	0.00000
9196	0.693147
675998	0.00000
5539293	0.00000
9186	0.693147
3418170	0.00000
1161317	0.00000
9185	0.693147
9184	1.09861
264543	0.00000
1312862	0.00000
3138212	0.00000
17733	0.00000
9181	0.693147
9183	0.693147
34867	0.00000
70325	0.00000
191226	0.00000
545988	0.00000
1057492	0.00000
1438806	0.00000
95238	0.00000
1438812	0.00000
373150	0.00000
312376	0.00000
879981	0.00000
1048740	0.00000
590608	0.00000
17767	0.00000
598280	0.00000
505230	0.00000
202421	0.00000
1438753	0.00000
948862	0.00000
5609089	0.00000
156436	0.00000
704489	0.00000
52373	0.00000
2035414	0.00000
5235953	0.00000
505219	0.00000
940042	0.00000
191107	0.00000
1224514	0.00000
405270	0.00000
1161252	0.00000
722726	0.00000
77978	0.00000
832374	0.00000
823570	0.00000
9114	0.00000
608141	0.00000
156470	0.00000
191162	0.00000
885275	0.00000
580866	0.00000
52402	0.00000
156476	0.00000
738281	0.00000
1231325	0.00000
1308859	0.00000
1500027	0.00000
77960	0.00000
405306	0.00000
3138248	0.00000
738303	0.00000
4219717	0.00000
237321	0.00000
1603571	0.00000
351547	0.00000
4412810	0.00000
245417	0.00000
113348	0.00000
948619	0.00000
994893	0.00000
1408599	0.00000
1189179	0.00000
351529	0.00000
880378	0.00000
2141138	0.00000
1126996	0.00000
190844	0.00000
810905	0.00000
1127000	0.00000
412233	0.00000
529292	0.00000
351524	0.00000
1265838	0.00000
695896	0.00000
373311	0.00000
60705	0.00000
264916	0.00000
3022091	0.00000
496679	0.00000
2730310	0.00000
450948	0.00000
1321387	0.00000
642536	0.00000
520847	0.00000
3241151	0.00000
1041219	0.00000
730842	0.00000
3022182	0.00000
113285	0.00000
121893	0.00000
1338649	0.00000
412177	0.00000
1569781	0.00000
801132	0.00000
397009	0.00000
351607	0.00000
87471	0.00000
854022	0.00000
1929122	0.00000
155809	0.00000
2158413	0.00000
373327	0.00000
351598	0.00000
2004982	0.00000
1259131	0.00000
451041	0.00000
360196	0.00000
5608738	0.00000
78617	0.00000
3969428	0.00000
994850	0.00000
18051	0.00000
4412900	0.00000
823995	0.00000
711372	0.00000
1468749	0.00000
1413381	0.00000
443309	0.00000
925530	0.00000
226151	0.00000
2730480	0.00000
412374	0.00000
737444	0.00000
490412	0.00000
1461193	0.00000
43358	0.00000
757219	0.00000
2020350	0.00000
2730478	0.00000
5372822	0.00000
132824	0.00000
801210	0.00000
1066864	0.00000
554397	0.00000
1408759	0.00000
625086	0.00000
96034	0.00000
4421452	0.00000
3240999	0.00000
1101504	0.00000
122073	0.00000
616079	0.00000
351620	0.00000
1074491	0.00000
529189	0.00000
3986878	0.00000
948533	0.00000
529185	0.00000
43377	0.00000
529187	0.00000
5174473	0.00000
313202	0.00000
87337	0.00000
841414	0.00000
264763	0.00000
1196877	0.00000
412306	0.00000
474932	0.00000
711270	0.00000
616164	0.00000
435620	0.00000
351726	0.00000
801221	0.00000
1181601	0.00000
1285415	0.00000
190863	0.00000
2106019	0.00000
963620	0.00000
351708	0.00000
1101446	0.00000
1300974	0.00000
4809418	0.00000
971418	0.00000
320806	0.00000
979188	0.00000
1400010	0.00000
443171	0.00000
3371038	0.00000
226076	0.00000
849279	0.00000
60436	0.00000
932948	0.00000
995154	0.00000
722409	0.00000
201810	0.00000
793171	0.00000
1468463	0.00000
940799	0.00000
1445519	0.00000
1569461	0.00000
35493	0.00000
4289157	0.00000
182798	0.00000
3467225	0.00000
4412558	0.00000
2106190	0.00000
5166956	0.00000
43249	0.00000
78459	0.00000
312966	0.00000
18392	0.00000
474826	0.00000
104835	0.00000
1400091	0.00000
1338490	0.00000
1391551	0.00000
948395	0.00000
546430	0.00000
26029	0.00000
650905	0.00000
69644	0.00000
607613	0.00000
546426	0.00000
661204	0.00000
132892	0.00000
113558	0.00000
26068	0.00000
52791	0.00000
1545284	0.00000
2004722	0.00000
661156	0.00000
450795	0.00000
1216402	0.00000
351331	0.00000
3926405	0.00000
175340	0.00000
5236302	0.00000
2687974	0.00000
554054	0.00000
737612	0.00000
737614	0.00000
1196793	0.00000
1092027	0.00000
252272	0.00000
382403	0.00000
536723	0.00000
546353	0.00000
971520	0.00000
1250606	0.00000
696085	0.00000
737617	0.00000
1010666	0.00000
554076	0.00000
225907	0.00000
3107098	0.00000
3278036	0.00000
95762	0.00000
1408969	0.00000
1560643	0.00000
25869	0.00000
252294	0.00000
290257	0.00000
1153070	0.00000
1144579	0.00000
217103	0.00000
2539605	0.00000
175150	0.00000
884813	0.00000
971749	0.00000
18274	0.00000
52957	1.09861
1313346	0.00000
18266	0.00000
481511	0.00000
1250809	0.00000
1717549	0.00000
320629	0.00000
5434822	0.00000
450587	0.00000
1569305	0.00000
69761	0.00000
650769	0.00000
5487113	0.00000
217128	0.00000
1569298	0.00000
1127396	0.00000
43105	0.00000
1274696	0.00000
589162	0.00000
933020	0.00000
948316	0.00000
60638	0.00000
676577	0.00000
521071	0.00000
1829638	0.00000
5167031	0.00000
902362	0.00000
95823	0.00000
948301	0.00000
481432	0.00000
1408917	0.00000
2202476	0.00000
18219	0.00000
536637	0.00000
1554111	0.00000
722235	0.00000
607636	0.00000
261034	0.00000
25925	0.00000
986598	0.00000
122275	0.00000
1453070	0.00000
1849810	0.00000
201907	0.00000
546478	0.00000
554189	0.00000
390945	0.00000
52895	0.00000
1484164	0.00000
190616	0.00000
412579	0.00000
52887	0.00000
849281	0.00000
505752	0.00000
5166986	0.00000
2004553	0.00000
1408944	0.00000
435354	0.00000
312921	0.00000
933027	0.00000
481460	0.00000
571797	0.00000
3550737	0.00000
483134	0.00000
51468	0.00000
490845	0.00000
3733977	0.00000
932654	0.00000
1998563	0.00000
818057	0.00000
296219	0.00000
79143	0.00000
1309962	0.00000
9789	0.00000
404105	0.00000
833238	0.00000
5212121	0.00000
296196	0.00000
343525	0.00000
79165	0.00000
1950327	0.00000
274156	0.00000
16533	0.00000
381642	0.00000
1430476	0.00000
564320	0.00000
121366	0.00000
320406	0.00000
729298	0.00000
980559	0.00000
1065385	0.00000
1257581	0.00000
358683	0.00000
148680	0.00000
36320	0.00000
2065121	0.00000
1162629	0.00000
209269	0.00000
86971	0.00000
1177948	0.00000
219096	0.00000
1034035	0.00000
358668	0.00000
395462	0.00000
265385	0.00000
465858	0.00000
1760662	0.00000
243847	0.00000
1197475	0.00000
131182	0.00000
2738677	0.00000
954499	0.00000
289404	0.00000
1285102	0.00000
3251584	0.00000
343481	0.00000
1154973	0.00000
545129	0.00000
685927	0.00000
201591	0.00000
473550	0.00000
381571	0.00000
993405	0.00000
343471	0.00000
131196	0.00000
219064	0.00000
521349	0.00000
553732	0.00000
201598	0.00000
711817	0.00000
863256	0.00000
16616	0.00000
802598	0.00000
45004	0.00000
3733949	0.00000
16621	0.00000
1108481	0.00000
16611	0.00000
579794	0.00000
878831	0.00000
878824	0.00000
16612	0.00000
1016760	0.00000
886739	0.00000
923959	0.00000
1119796	0.00000
1041682	0.00000
113876	0.00000
16624	0.00000
25238	0.00000
729230	0.00000
513589	0.00000
426482	0.00000
226575	0.00000
1521687	0.00000
243789	0.00000
36164	0.00000
1127595	0.00000
599070	0.00000
209375	0.00000
265229	0.00000
685994	0.00000
183806	0.00000
2370665	0.00000
236085	0.00000
871024	0.00000
296323	0.00000
941340	0.00000
139990	0.00000
226577	0.00000
4211743	0.00000
4001206	0.00000
1602295	0.00000
25155	0.00000
1760637	0.00000
1545169	0.00000
305115	0.00000
1399550	0.00000
209381	0.00000
980683	0.00000
894305	0.00000
529755	0.00000
848544	0.00000
9865	0.00000
25161	0.00000
9864	0.00000
1570169	0.00000
435105	0.00000
1344685	0.00000
694440	0.00000
44823	0.00000
9877	0.00000
9874	0.00000
9875	0.00000
626630	0.00000
1302489	0.00000
9873	0.693147
94550	0.00000
739044	0.00000
614634	0.00000
4819912	0.00000
9881	1.09861
649581	0.00000
16449	0.00000
1430301	0.00000
963175	0.00000
878669	0.00000
1444151	0.00000
174857	0.693147
280720	0.00000
1368691	0.00000
1415126	0.00000
686064	0.00000
1058797	0.00000
3795480	0.00000
2192183	0.00000
2106608	0.00000
174876	0.00000
16468	0.00000
5286515	0.00000
746733	0.00000
1050007	0.00000
5097406	0.00000
659782	0.00000
3559404	0.00000
1359878	0.00000
1058812	0.00000
4255672	0.00000
659834	0.00000
963137	0.00000
443741	0.00000
443743	0.00000
2141513	0.00000
16495	0.00000
764299	0.00000
490916	0.00000
746700	0.00000
320334	0.00000
1093206	0.00000
36150	0.00000
1084473	0.00000
243761	0.00000
2549036	0.00000
9945	0.693147
870929	0.00000
389539	0.00000
633868	0.00000
465643	0.00000
166070	0.00000
10040	0.00000
295939	0.00000
1058359	0.00000
833501	0.00000
1552389	0.00000
746805	0.00000
16780	0.00000
490590	0.00000
16779	0.00000
1422454	0.00000
395774	0.00000
1904167	0.00000
793632	0.00000
10024	0.00000
1065092	0.00000
4559643	0.00000
923719	0.00000
694560	0.00000
614761	0.00000
218840	0.00000
226470	0.00000
1392082	0.00000
1602430	0.00000
824707	0.00000
335541	0.00000
1100067	0.00000
1593707	0.00000
71197	0.00000
244112	0.00000
3641386	0.00000
1369062	0.00000
721865	0.00000
529568	0.00000
3232205	0.00000
35981	0.00000
44781	0.00000
44782	0.00000
863501	0.00000
25510	0.00000
366436	0.00000
381861	0.00000
2203070	0.00000
192118	0.00000
963551	0.00000
10075	0.00000
59935	0.00000
51315	0.00000
712111	0.00000
703244	0.00000
504165	0.00000
4528882	0.00000
1170029	0.00000
350781	0.00000
703467	0.00000
1154641	0.00000
1084759	0.00000
389423	0.00000
4959458	0.00000
712005	0.00000
366469	0.00000
1950699	0.00000
863691	0.00000
218728	0.00000
443446	0.00000
694673	0.00000
1197154	0.00000
1452568	0.00000
4289647	0.00000
4211977	0.00000
954701	0.00000
817664	0.00000
793760	0.00000
473124	0.00000
1257980	0.00000
1223550	0.00000
817720	0.00000
10140	0.00000
703427	0.00000
614888	0.00000
1461388	0.00000
496587	0.00000
579861	0.00000
1049824	0.00000
588657	0.00000
10115	0.00000
3038757	0.00000
473147	0.00000
1309858	0.00000
209051	0.00000
183487	0.00000
1267515	0.00000
44660	0.00000
209042	0.00000
5615782	0.00000
209045	0.00000
591657	0.00000
209046	0.00000
1492340	0.00000
366559	0.00000
320113	0.00000
614808	0.00000
2271235	0.00000
320119	0.00000
694764	0.00000
840089	0.00000
60049	0.00000
739240	0.00000
10195	0.00000
1544835	0.00000
25365	0.00000
626306	0.00000
773668	0.00000
473201	0.00000
720732	0.00000
1950603	0.00000
71343	0.00000
1725878	0.00000
16747	0.00000
10190	0.00000
9227	0.636514
44427	0.00000
9225	0.00000
452088	0.00000
59724	0.00000
3465879	0.00000
9229	0.00000
1002657	0.00000
1205674	0.00000
9222	0.693147
9220	0.410116
296767	0.00000
9221	0.693147
71037	0.00000
156854	0.00000
9241	0.00000
1033529	0.00000
244470	0.00000
9247	0.636514
9246	0.994924
660385	0.00000
71035	0.00000
955126	0.00000
52020	0.00000
3311769	0.00000
9256	0.00000
44459	0.00000
729840	0.00000
1513727	0.00000
9249	0.673012
764792	0.00000
9251	0.00000
396016	0.00000
9253	0.00000
4377452	0.00000
580276	0.00000
1586317	0.00000
626026	0.00000
2991580	0.00000
9266	0.00000
5096826	0.00000
17045	0.00000
482597	0.00000
3205644	0.00000
156903	0.00000
1266816	0.00000
942062	0.00000
281137	0.00000
184079	0.00000
444361	0.00000
9309	0.00000
825046	0.00000
9306	0.00000
9305	0.636514
343943	0.00000
2688652	0.00000
191864	0.00000
2739136	0.00000
650146	0.00000
9302	0.00000
979987	0.00000
2298716	0.00000
1928190	0.00000
949673	0.00000
9326	0.00000
9316	0.00000
572499	0.00000
9313	0.693147
832662	0.00000
24760	0.00000
9338	0.00000
9335	0.00000
319981	0.00000
942034	0.00000
1383630	0.00000
44531	0.00000
319978	0.00000
444183	0.00000
319770	0.00000
131720	0.00000
677875	0.00000
764887	0.00000
374481	0.00000
1761139	0.00000
1058195	0.00000
4801665	0.00000
444165	0.00000
626115	0.00000
9366	0.00000
599586	0.00000
4675970	0.00000
9370	0.00000
149079	0.00000
9371	0.00000
3277204	0.00000
24665	0.00000
1205555	0.00000
444169	0.00000
832630	0.00000
3006863	0.00000
910220	0.00000
855214	0.00000
16897	0.00000
5807093	0.00000
587856	0.00000
139466	0.00000
1444733	0.00000
1232612	0.00000
395903	0.00000
149088	0.00000
924616	0.00000
86293	0.00000
319790	0.00000
1108215	0.00000
120976	0.00000
817436	0.00000
105552	0.00000
174426	0.00000
2034139	0.00000
3205884	0.00000
1544687	0.00000
9407	0.00000
924578	0.00000
832559	0.00000
9411	0.00000
9410	0.673012
1513489	0.00000
901517	0.00000
24587	0.00000
702615	0.00000
4281707	0.00000
1119407	0.00000
9430	0.540204
1249501	0.00000
1232536	0.00000
886105	0.00000
4162099	0.00000
296924	0.00000
261832	0.00000
3138977	0.00000
209801	0.00000
9453	0.00000
191936	0.00000
1178539	0.00000
105483	0.00000
156739	0.00000
9449	0.00000
335190	0.00000
1275486	0.00000
1042359	0.00000
9456	0.00000
764840	0.00000
59824	0.00000
2280894	0.00000
941912	0.00000
5538501	0.00000
2350769	0.00000
980319	0.00000
86204	0.00000
1258352	0.00000
721313	0.00000
319616	0.00000
1042013	0.00000
1492875	0.00000
444038	0.00000
1461767	0.00000
94933	0.00000
3411116	0.00000
9494	0.693147
59467	0.00000
634431	0.00000
105966	0.00000
79370	0.00000
3589529	0.00000
3205964	0.00000
738677	0.00000
685084	0.00000
9474	0.00000
434227	0.00000
840526	0.00000
588279	0.00000
51741	0.00000
580526	0.00000
3779850	0.00000
1322216	0.00000
588226	0.00000
17303	0.00000
79404	0.00000
25071	0.693147
451796	0.00000
649940	0.00000
473746	0.00000
747334	0.00000
782021	0.00000
227063	0.00000
600047	0.00000
24986	0.00000
794195	0.00000
747340	0.00000
3205904	0.00000
1444484	0.00000
994128	0.00000
1990624	0.00000
413546	0.00000
1119513	0.00000
266182	0.00000
59454	0.00000
641256	0.00000
3121400	0.00000
200817	0.00000
1407844	0.00000
685159	0.00000
1795683	0.00000
296515	0.00000
695113	0.00000
1881247	0.00000
350220	0.00000
1345365	0.00000
3205934	0.00000
296528	0.00000
4202860	0.00000
1258253	0.00000
941761	0.00000
1033283	0.00000
434263	0.00000
335070	0.00000
1513907	0.00000
17344	0.00000
755880	0.00000
2688838	0.00000
9618	0.00000
2271865	0.00000
817213	0.00000
1586470	0.00000
17209	0.00000
2237431	0.00000
599850	0.00000
695228	0.00000
4001422	0.00000
121254	0.00000
1042118	0.00000
4644985	0.00000
86060	0.00000
1258459	0.00000
79536	0.00000
149370	0.00000
17173	0.00000
4001464	0.00000
1292886	0.00000
4229723	0.00000
1337508	0.00000
781861	0.00000
121241	0.00000
641079	0.00000
59617	0.00000
2417215	0.00000
522071	0.00000
840684	0.00000
738782	0.00000
773213	0.00000
879366	0.00000
1154123	0.00000
381228	0.00000
359105	0.00000
114527	0.00000
1197591	0.00000
17249	0.00000
4995246	0.00000
712502	0.00000
319597	0.00000
504773	0.00000
521986	0.00000
5278485	0.00000
262107	0.00000
1399183	0.00000
809525	0.00000
1178296	0.00000
1050267	0.00000
3795214	0.00000
591153	0.00000
350360	0.00000
522006	0.00000
59559	0.00000
482544	0.00000
755929	0.00000
994285	0.00000
343602	0.00000
1154063	0.00000
4644889	0.00000
266067	0.00000
444782	0.00000
3196633	0.00000
778593	0.00000
28219	0.00000
1098963	0.00000
1467271	0.00000
19542	1.03972
1441140	0.00000
662868	0.00000
1213541	0.00000
851648	0.00000
1596668	0.00000
33037	0.00000
120517	0.00000
1441151	0.00000
708634	0.00000
623539	0.00000
102966	0.00000
1467300	0.00000
966231	0.00000
72630	0.00000
3832015	0.00000
297453	0.00000
3609626	0.00000
357844	0.00000
10952	0.00000
4692635	0.00000
204743	0.00000
134349	0.00000
258281	0.00000
189422	0.00000
1169379	0.00000
480213	0.00000
72610	0.00000
89883	0.00000
72671	0.00000
1467343	0.00000
3768547	0.00000
143068	0.00000
2138417	0.00000
128245	0.00000
402951	0.00000
50573	0.00000
10921	0.00000
3512726	0.00000
1458620	0.00000
258176	0.00000
10923	0.00000
189317	0.00000
808301	0.00000
514611	0.00000
747704	0.00000
3020740	0.00000
1441026	0.00000
4492704	0.00000
2684012	0.00000
357765	0.00000
50616	0.00000
3173721	0.00000
374981	0.00000
1451810	0.00000
808284	0.00000
507043	0.00000
418534	0.00000
384620	0.00000
1477831	0.00000
539455	0.00000
2155981	0.00000
59342	0.00000
4692703	0.00000
686999	0.00000
394322	0.00000
28228	0.00000
799721	0.00000
10880	0.00000
2270623	0.00000
409696	0.00000
444898	0.00000
842812	0.00000
1345605	0.00000
314779	0.00000
852587	0.00000
1451987	0.00000
860163	0.00000
648601	0.00000
1467163	0.00000
349968	0.00000
5362546	0.00000
158463	0.00000
120435	0.00000
1467177	0.00000
1222323	0.00000
50528	0.00000
817130	0.00000
1027520	0.00000
242863	0.00000
403184	0.00000
1467184	0.00000
834223	0.00000
1319837	0.00000
250380	0.00000
1081511	0.00000
19684	0.00000
1548059	0.00000
1458523	0.00000
3020586	0.00000
33198	0.00000
258076	0.00000
204605	0.00000
444838	0.00000
80180	0.00000
50461	0.00000
1451915	0.00000
1467210	0.00000
3540975	0.00000
912662	0.00000
212304	0.00000
3831871	0.00000
912653	0.00000
418390	0.00000
480059	0.00000
472472	0.00000
1098760	0.00000
33270	0.00000
763213	0.00000
418401	0.00000
28370	0.00000
1467238	0.00000
623429	0.00000
33267	0.00000
367149	0.00000
1260661	0.00000
1276084	0.00000
561230	0.00000
2377313	0.00000
10759	0.00000
33255	0.00000
4692567	0.00000
1477717	0.00000
717457	0.00000
1443289	0.00000
80138	0.00000
19627	0.00000
1146063	0.00000
922989	0.00000
570328	0.00000
1042601	0.00000
740242	0.00000
50378	0.00000
592702	0.693147
1253349	0.00000
288756	0.00000
2737274	0.00000
724825	0.00000
877902	0.00000
4228103	0.00000
41573	0.00000
50374	0.00000
1229239	0.00000
981950	0.00000
134642	0.00000
1458410	0.00000
740233	0.00000
384780	0.00000
1146167	0.00000
1467071	0.00000
410074	0.00000
3832273	0.00000
472188	0.00000
134594	0.00000
2507734	0.00000
128388	0.00000
852941	0.00000
3924825	0.00000
305822	0.00000
204493	0.00000
4375692	0.00000
472170	0.00000
464392	0.00000
2992692	0.00000
4692873	0.00000
852945	0.00000
189183	0.00000
662632	0.00000
1493314	0.00000
992684	0.00000
5851839	0.00000
530556	0.00000
437915	0.00000
1406388	0.00000
297106	0.00000
671355	0.00000
97382	0.00000
235304	0.00000
946811	0.00000
763109	0.00000
1406373	0.00000
97406	0.00000
561637	0.00000
851870	0.00000
702445	0.00000
4750023	0.00000
1299193	0.00000
592731	0.00000
732503	0.00000
1458328	0.00000
3618612	0.00000
103267	0.562335
158511	0.00000
5384950	0.00000
1467118	0.00000
877876	0.00000
887324	0.00000
58913	0.00000
464561	0.00000
966630	0.00000
409969	0.00000
1176608	0.00000
394673	0.00000
1441015	0.00000
58920	0.00000
1466910	0.00000
556570	0.00000
50251	0.00000
349714	0.00000
188995	0.00000
1588188	0.00000
41716	0.00000
128305	0.00000
2728514	0.00000
2255341	0.00000
1260840	0.00000
89825	0.00000
1050665	0.00000
5541238	0.00000
103342	0.00000
4507826	0.00000
3832147	0.00000
1291429	0.00000
143138	0.00000
2309670	0.00000
384940	0.00000
1260857	0.00000
28565	0.00000
770735	0.00000
19959	0.00000
173751	0.00000
1198230	0.00000
912497	0.00000
2301012	0.00000
11102	0.00000
180328	0.00000
165033	0.00000
1466963	0.00000
630801	0.00000
671481	0.00000
1008102	0.00000
250724	0.00000
870371	0.00000
4466679	0.00000
938125	0.00000
3763804	0.00000
204348	0.00000
2367977	0.00000
1493414	0.00000
11069	0.00000
128376	0.00000
11067	0.00000
11012	0.00000
747807	0.00000
610066	0.00000
1146304	0.00000
1466999	0.00000
305751	0.00000
4811134	0.00000
89775	0.00000
5230125	0.00000
3989056	0.00000
852743	0.00000
5813795	0.00000
1268700	0.00000
212087	0.00000
367393	0.00000
530639	0.00000
587754	0.00000
931358	0.00000
5384626	0.00000
165721	0.00000
561796	0.00000
1406667	0.00000
3668259	0.00000
631781	0.00000
779094	0.00000
755189	0.00000
27658	0.00000
1307618	0.00000
89454	0.00000
142506	0.00000
1214027	0.00000
5056169	0.00000
1371224	0.00000
586803	0.00000
3044155	0.00000
770309	0.00000
4527431	0.00000
27711	0.00000
20063	0.00000
1478313	0.00000
5315736	0.00000
1059317	0.00000
10477	0.693147
1191301	0.00000
280220	0.00000
1587284	0.00000
322941	0.00000
1292047	0.00000
287998	0.00000
157773	0.00000
51137	0.00000
228144	0.00000
4358931	0.00000
488427	0.00000
938809	0.00000
1466852	0.00000
58835	0.00000
763854	0.00000
1198936	0.00000
128718	0.00000
958062	0.00000
10377	0.00000
693942	0.00000
748180	0.00000
2177419	0.00000
1363572	0.00000
20015	0.693147
498908	0.00000
1252487	0.00000
600629	0.00000
358300	0.00000
1099424	0.00000
1068833	0.00000
102501	0.00000
591954	0.00000
531304	0.00000
10425	0.00000
10426	0.693147
102494	0.00000
10428	0.00000
1466824	0.00000
72154	0.00000
10429	0.00000
1521166	0.00000
452937	0.00000
931252	0.00000
394854	0.00000
10421	0.00000
1547749	0.00000
3196052	0.00000
791485	0.00000
394850	0.00000
10423	0.693147
770383	0.00000
89360	0.00000
808800	0.00000
58858	0.00000
402658	0.00000
323020	0.00000
946577	0.00000
770475	0.00000
609351	0.00000
4103604	0.00000
453033	0.00000
561676	0.00000
3676301	0.00000
10332	0.00000
663527	0.00000
150167	0.00000
437615	0.00000
111297	0.00000
479574	0.00000
678717	0.00000
10305	0.00000
1328950	0.00000
887234	0.00000
3832405	0.00000
366666	0.00000
1882519	0.00000
488207	0.00000
1099357	0.00000
869558	0.00000
10360	0.00000
770460	0.00000
212748	0.00000
1556311	0.00000
3668371	0.00000
4016032	0.00000
1556318	0.00000
1556314	0.00000
663468	0.00000
322956	0.00000
165787	0.00000
579209	0.00000
958205	0.00000
58715	0.00000
181073	0.00000
1068961	0.00000
181065	0.00000
1177408	0.00000
4473464	0.00000
531413	0.00000
1059082	0.00000
799073	0.00000
72047	0.00000
2147628	0.00000
561761	0.00000
1206686	0.00000
249981	0.00000
10295	0.00000
833746	0.00000
3310773	0.00000
1406502	0.00000
2667023	0.00000
850958	0.00000
498805	0.00000
429939	0.00000
808940	0.00000
58725	0.00000
10279	0.00000
157829	0.00000
992811	0.00000
228225	0.00000
10284	0.00000
732951	0.00000
1671576	0.00000
678580	0.00000
393047	0.00000
1328819	0.00000
203981	0.00000
1874508	0.00000
188655	0.00000
2277520	0.00000
851442	0.00000
2653866	0.00000
1441350	0.00000
3310935	0.00000
150296	0.00000
2931518	0.00000
27951	0.00000
686320	0.00000
395064	0.00000
4772730	0.00000
188617	0.00000
20290	0.562335
10750	0.00000
579439	0.00000
188629	0.00000
10745	0.00000
622755	0.00000
10743	0.00000
631489	0.00000
10741	0.00000
3645088	0.00000
1466500	0.00000
375725	0.00000
1137965	0.00000
4864084	0.00000
4926288	0.00000
592213	0.00000
1268044	0.00000
678651	0.00000
20281	0.00000
452717	0.00000
5757963	0.00000
709487	0.00000
1556131	0.00000
851390	0.00000
10646	0.00000
694184	0.00000
592252	0.00000
993197	0.00000
180961	0.00000
640058	0.00000
10669	0.00000
102727	0.00000
1556119	0.00000
262941	0.00000
1298668	0.00000
10682	0.00000
340582	0.00000
1547502	0.00000
3310899	0.00000
10687	0.00000
258970	0.00000
10674	0.00000
297611	0.00000
33362	0.00000
28022	0.00000
1206299	0.00000
358058	0.00000
984535	0.00000
1214410	0.00000
618290	0.00000
852296	0.00000
2255848	0.00000
4826736	0.00000
1051171	0.00000
71717	0.00000
1183296	0.00000
5844734	0.00000
71721	0.00000
20456	0.00000
663273	0.00000
686153	0.00000
851326	0.00000
10577	0.00000
1493959	0.00000
305160	0.00000
930905	0.00000
50815	0.00000
3936599	0.00000
717250	0.00000
58397	0.00000
258935	0.00000
4796394	0.00000
1451246	0.00000
158154	0.00000
10595	0.00000
331998	0.00000
791142	0.00000
2006669	0.00000
5361751	0.00000
2923002	0.00000
999898	0.00000
10617	0.00000
791152	0.00000
1043008	0.00000
142701	0.00000
579479	0.00000
158117	0.00000
452863	0.00000
1328754	0.00000
648959	0.00000
2482165	0.00000
2737819	0.00000
58450	0.00000
592321	0.00000
733132	0.00000
1556010	0.00000
946399	0.00000
297508	0.00000
2737844	0.00000
384474	0.00000
28132	0.00000
686136	0.00000
429693	0.00000
5661787	0.00000
33485	0.00000
966056	0.00000
4692346	0.00000
663183	0.00000
472704	0.00000
219386	0.00000
322730	0.00000
243678	0.00000
678474	0.00000
531183	0.00000
98041	0.00000
1051229	0.00000
1925406	0.00000
1176052	0.00000
471299	0.00000
965173	0.00000
709698	0.00000
826418	0.00000
888620	0.00000
800715	0.00000
49551	0.00000
853666	0.00000
4708923	0.00000
1026345	0.00000
807266	0.00000
1036171	0.00000
688009	0.00000
948052	0.00000
11934	0.00000
3832963	0.00000
445707	0.00000
11930	0.562335
1026330	0.00000
278753	0.00000
4552093	0.00000
3677789	0.00000
1320788	0.00000
762325	0.00000
278773	0.00000
1440022	0.00000
632252	0.00000
42763	0.00000
1175985	0.00000
1767275	0.00000
956434	0.00000
251582	0.00000
1308126	0.00000
1097946	0.00000
2279344	0.00000
974023	0.00000
5432009	0.00000
42855	0.00000
88897	0.00000
81376	0.00000
391285	0.00000
333653	0.00000
982699	0.00000
1772375	0.00000
11986	0.00000
27153	0.00000
73654	0.00000
164190	0.00000
11985	0.00000
11990	0.00000
5214003	0.00000
190457	0.00000
119551	0.00000
203734	0.00000
463631	0.00000
278714	0.00000
868878	0.00000
1564496	0.00000
1175941	0.00000
11975	0.00000
868872	0.00000
172840	0.00000
58244	0.00000
356825	0.00000
190442	0.00000
956461	0.00000
5167336	0.00000
307089	0.00000
670484	0.00000
190438	0.00000
278708	0.00000
11980	0.00000
341475	0.00000
34271	0.00000
1529382	0.00000
3233936	0.00000
333705	0.00000
911642	0.00000
96758	0.00000
791864	0.00000
577697	0.00000
5346252	0.00000
437017	0.00000
2317792	0.00000
81199	0.00000
133158	0.00000
1468255	0.00000
2261928	0.00000
313823	0.00000
723610	0.00000
133138	0.00000
1327462	0.00000
1175897	0.00000
1450924	0.00000
471460	0.00000
49457	0.00000
127063	0.00000
498240	0.00000
49458	0.00000
27339	0.00000
341461	0.00000
965262	0.00000
4196455	0.00000
11776	0.00000
515729	0.00000
73499	0.00000
1277141	0.00000
779750	0.00000
18655	0.693147
419335	0.00000
930678	0.00000
4941928	0.00000
150714	0.00000
119373	0.00000
481151	0.00000
2261984	0.00000
1067470	0.00000
150701	0.00000
1529459	0.00000
577779	0.00000
49472	0.00000
11875	0.00000
127004	0.00000
190321	0.00000
18686	0.00000
119418	0.00000
49532	0.00000
4742473	0.00000
903967	0.00000
11858	0.00000
27281	0.00000
700937	0.00000
11862	0.00000
11860	0.00000
89071	0.00000
383666	0.00000
133186	0.00000
471549	0.00000
42958	0.00000
488753	0.00000
2185703	0.00000
150670	0.00000
228843	0.00000
190313	0.00000
692344	0.00000
11844	0.00000
5107053	0.00000
709977	0.00000
616916	0.00000
974212	0.00000
5432201	0.00000
670334	0.00000
190095	0.00000
1335990	0.00000
731507	0.00000
896090	0.00000
190106	0.00000
5757479	0.00000
1439790	0.00000
1230335	0.00000
807033	0.00000
27504	0.00000
1564204	0.00000
1075837	0.00000
1137436	0.00000
18715	0.00000
18714	0.00000
3995792	0.00000
488694	0.00000
731483	0.00000
436918	0.00000
991630	0.00000
190119	0.00000
27464	0.00000
150853	0.00000
2445544	0.00000
540198	0.00000
762057	0.00000
27473	0.00000
1260027	0.00000
181471	0.00000
1008978	0.00000
1564163	0.00000
616942	0.00000
181460	0.00000
1564171	0.00000
3925761	0.00000
2993780	0.00000
1803171	0.00000
709919	0.00000
687866	0.00000
1589082	0.00000
947754	0.00000
965480	0.00000
18767	0.00000
956682	0.00000
163939	0.00000
921751	0.00000
5432282	0.00000
133629	0.00000
341033	0.00000
73362	0.00000
965497	0.00000
547026	0.00000
1336027	0.00000
419767	0.00000
896041	0.00000
1494353	0.00000
1122209	0.00000
480986	0.00000
2430067	0.00000
1269509	0.00000
133596	0.00000
1252314	0.00000
18800	0.00000
835384	0.00000
272141	0.00000
2308784	0.00000
27417	0.00000
1589096	0.00000
159600	0.00000
921674	0.00000
687665	0.00000
159616	0.00000
609084	0.00000
57957	0.00000
142153	0.00000
4993614	0.00000
376189	0.00000
670434	0.00000
4328758	0.00000
393708	0.00000
159637	0.00000
471173	0.00000
1009138	0.00000
18833	0.00000
428124	0.00000
251715	0.00000
12043	0.00000
956908	0.00000
1082855	0.00000
1199305	0.00000
687646	0.00000
1432318	0.00000
1009118	0.00000
679011	0.00000
228531	0.00000
96476	0.00000
1277360	0.00000
1390027	0.00000
410882	0.00000
647394	0.00000
546823	0.00000
228541	0.00000
1405302	0.00000
242049	0.00000
1467930	0.00000
3838547	0.00000
670384	0.00000
2261728	0.00000
73227	0.00000
33921	0.00000
2005125	0.00000
402391	0.00000
1397534	0.00000
903725	0.00000
298079	0.00000
4638967	0.00000
2376449	0.00000
853878	0.00000
368451	0.00000
1009087	0.00000
133501	0.00000
731562	0.00000
4429821	0.00000
1199291	0.00000
104338	0.00000
133499	0.00000
1190427	0.00000
259424	0.00000
1075849	0.00000
826816	0.00000
18924	0.00000
1485689	0.00000
2326248	0.00000
896175	0.00000
1238892	0.00000
1238888	0.00000
1589226	0.00000
210992	0.00000
1082812	0.00000
210996	0.00000
2993852	0.00000
982803	0.00000
3409647	0.00000
190072	0.00000
608389	0.00000
539936	0.00000
547717	0.00000
532296	0.00000
771430	0.00000
5548225	0.00000
2789537	0.00000
81818	0.00000
957026	0.00000
164612	0.00000
4693213	0.00000
50094	0.00000
263689	0.00000
5046457	0.00000
118928	0.00000
585797	0.00000
127740	0.00000
26744	0.00000
982267	0.00000
497900	0.00000
429045	0.00000
956997	0.00000
42278	0.00000
489430	0.00000
11433	0.00000
692886	0.00000
103501	0.00000
3397600	0.00000
5046432	0.00000
19061	0.00000
1354888	0.00000
26642	0.00000
1260216	0.00000
608457	0.00000
1106076	0.00000
868370	0.00000
1840851	0.00000
5431538	0.00000
50171	0.636514
1312638	0.00000
73120	0.00000
792524	0.00000
26635	0.00000
5804963	0.00000
1460195	0.00000
189913	0.00000
242201	0.00000
189919	0.00000
982199	0.00000
11507	0.693147
189906	0.00000
141459	0.00000
601679	0.00000
418956	0.00000
3257724	0.00000
383000	0.00000
853225	0.00000
710169	0.00000
1440639	0.00000
1502232	0.00000
97068	0.00000
1145567	0.00000
1052537	0.00000
1362660	0.00000
947672	0.00000
1009374	0.00000
780164	0.00000
1390287	0.00000
242431	0.00000
1009366	0.00000
97229	0.00000
182087	0.00000
1354835	0.00000
648186	0.00000
57664	0.00000
1182477	0.00000
547607	0.00000
1405465	0.00000
49957	0.693147
49946	0.00000
834774	0.00000
34783	0.00000
220663	0.00000
11319	0.00000
471940	0.00000
367638	0.00000
1207681	0.00000
3833395	0.00000
233636	0.00000
88457	0.00000
670195	0.00000
1009388	0.00000
348496	0.00000
279130	0.00000
1251375	0.00000
578230	0.00000
888232	0.00000
286791	0.00000
271494	0.00000
639434	0.00000
1511566	0.00000
861747	0.00000
800052	0.00000
1251411	0.00000
34747	0.00000
321997	0.00000
2318237	0.00000
578240	0.00000
57618	0.00000
1098355	0.00000
1440723	0.00000
3917492	0.00000
754038	0.00000
1883559	0.00000
489273	0.00000
930126	0.00000
393887	0.00000
26753	0.00000
42495	0.00000
127544	0.00000
1130104	0.00000
11384	0.00000
446444	0.00000
11381	0.00000
298828	0.00000
57653	0.00000
81777	0.00000
5152402	0.00000
34707	0.00000
648070	0.00000
3937383	0.00000
1312725	0.00000
903456	0.00000
1312724	0.00000
298836	0.00000
648092	0.00000
11368	0.00000
97198	0.00000
570458	0.00000
1335666	0.00000
164837	0.00000
922383	0.00000
3452476	0.00000
608371	0.00000
1238094	0.00000
3080128	0.00000
539700	0.00000
4888500	0.00000
1260516	0.00000
662060	0.00000
401701	0.00000
480384	0.00000
42006	0.00000
489199	0.00000
1067582	0.00000
771174	0.00000
1370372	0.00000
515383	0.00000
539670	0.00000
992164	0.00000
868714	0.00000
480438	0.00000
26985	0.00000
723210	0.00000
5055452	0.00000
593249	0.00000
578344	0.00000
5408562	0.00000
799957	0.00000
401776	0.00000
57472	0.00000
211618	0.00000
1230725	0.00000
2261080	0.00000
332904	0.00000
3770247	0.00000
26896	0.00000
4057597	0.00000
49904	0.00000
401768	0.00000
306310	0.00000
368100	0.00000
1090919	0.00000
19267	0.00000
19264	0.00000
3318540	0.00000
34307	0.00000
419226	0.00000
392051	0.00000
3961668	0.00000
42095	0.00000
368084	0.00000
220195	0.00000
57524	0.00000
119251	0.00000
1152016	0.00000
1190041	0.00000
357102	0.00000
1167579	0.00000
34332	0.00000
57528	0.00000
779875	0.00000
3098536	0.00000
524283	0.00000
119080	0.00000
3617212	0.00000
982344	0.00000
42124	0.00000
1424985	0.00000
348282	0.00000
1106246	0.00000
570666	0.00000
480264	0.00000
242675	0.00000
383456	0.00000
647914	0.00000
394179	0.00000
623683	0.00000
233891	0.00000
1152207	0.00000
498041	0.00000
164514	0.00000
835018	0.00000
1890929	0.00000
601999	0.00000
1529132	0.00000
4812622	0.00000
11580	0.00000
172243	0.00000
229017	0.00000
453831	0.00000
1467460	0.00000
321749	0.00000
11592	0.00000
314033	0.00000
779987	0.00000
81475	0.00000
2261192	0.00000
974691	0.00000
2317967	0.00000
298621	0.00000
11591	0.00000
57346	0.00000
799787	0.00000
3521565	0.00000
532108	0.00000
251159	0.00000
103858	0.00000
1059920	0.00000
807576	0.00000
3098575	0.00000
723412	0.00000
753750	0.00000
1213414	0.00000
233953	0.00000
957326	0.00000
2170371	0.00000
1477425	0.00000
5548345	0.00000
1450198	0.00000
229064	0.00000
1091042	0.00000
982331	0.00000
639209	0.00000
807602	0.00000
1537802	0.00000
72721	0.00000
608608	0.00000
1603846	0.00000
562981	0.00000
27063	0.00000
799772	0.00000
524163	0.00000
732073	0.00000
4499501	0.00000
181820	0.00000
279304	0.00000
470242	0.00000
73815	0.00000
706989	0.00000
1519079	0.00000
83709	0.00000
1434818	0.00000
788553	0.00000
1228718	0.00000
424757	0.00000
65029	0.00000
1464402	0.00000
338071	0.00000
256352	0.00000
991023	0.00000
761460	0.00000
400792	0.00000
4579799	0.00000
508898	0.00000
205849	0.00000
576996	0.00000
3585358	0.00000
470217	0.00000
769057	0.00000
524462	0.00000
819694	0.00000
1582043	0.00000
889499	0.00000
30673	0.00000
160703	0.00000
233365	0.00000
788500	0.00000
66171	0.649248
568107	0.00000
1105211	0.00000
424813	0.00000
742271	0.00000
455408	0.00000
56355	0.00000
13069	0.00000
568120	0.00000
1061386	0.00000
541735	0.00000
2769483	0.00000
541729	0.00000
680481	0.00000
179922	0.00000
39129	0.00000
195094	0.636514
991045	0.00000
316637	0.500402
541751	0.00000
654545	0.00000
186475	0.00000
1885290	0.00000
914433	0.00000
1534297	0.00000
66126	0.00000
347815	0.00000
3237660	0.00000
734469	0.00000
4488142	0.00000
568294	0.00000
637154	0.00000
30486	0.00000
1235335	0.00000
13256	0.00000
1495385	0.00000
83560	0.00000
1590738	0.00000
2726032	0.00000
30522	0.00000
13307	0.00000
734501	0.00000
706816	0.00000
533069	0.00000
706819	0.00000
38943	0.00000
1495403	0.00000
646760	0.00000
126390	0.00000
920726	0.00000
1488839	0.00000
195295	0.00000
47731	0.00000
126387	0.00000
1549530	0.00000
198369	0.00000
118732	0.00000
1029224	0.00000
108906	0.00000
13293	0.00000
409428	0.00000
307899	0.00000
118725	0.00000
805935	0.00000
4304231	0.00000
66177	0.00000
1488850	0.00000
477942	0.00000
56508	0.00000
83513	0.00000
3352560	0.00000
1695500	0.00000
814654	0.00000
1449026	0.00000
1200221	0.00000
195263	0.00000
866814	0.00000
56497	0.00000
493535	0.00000
171008	0.00000
1115118	0.00000
3414578	0.00000
1304739	0.00000
594780	0.00000
1404308	0.00000
1541847	0.00000
2682224	0.00000
186572	0.00000
91257	0.00000
3600712	0.00000
361350	0.00000
316480	0.00000
665190	0.00000
897108	0.00000
65269	0.00000
1166992	0.00000
213631	0.00000
691596	0.00000
1006355	0.00000
1166997	0.00000
788664	0.00000
65260	0.00000
1304710	0.00000
671953	0.00000
1526712	0.00000
1052874	0.00000
1534425	0.00000
4364323	0.00000
240960	0.00000
299154	0.00000
108844	0.00000
1140065	0.00000
4338637	0.00000
533010	0.00000
990753	0.00000
1013895	0.00000
455613	0.00000
845408	0.00000
213890	0.00000
65291	0.00000
726761	0.00000
355663	0.00000
160509	0.00000
680778	0.00000
966780	0.00000
1167230	0.00000
836626	0.00000
1297168	0.00000
66367	0.00000
355649	0.00000
316837	0.00000
144944	0.00000
386301	0.00000
409300	0.00000
576758	0.00000
91566	0.00000
160452	0.00000
883907	0.00000
797446	0.00000
56659	0.00000
186684	0.00000
1590372	0.00000
66322	0.00000
5232466	0.00000
1029626	0.00000
347907	0.00000
1149849	0.00000
4426483	0.00000
1006301	0.00000
478060	0.00000
126017	0.00000
1458103	0.00000
12802	0.00000
1243693	0.00000
594646	0.00000
30415	0.00000
654841	0.00000
160417	0.00000
12808	0.693147
4284885	0.00000
726702	0.00000
819355	0.00000
819354	0.00000
797558	0.00000
30430	0.00000
440108	0.00000
12824	0.00000
30424	0.00000
56635	0.00000
186711	0.00000
1365214	0.00000
1403963	0.00000
2310638	0.00000
1518741	0.00000
30434	0.00000
74020	0.00000
101065	0.00000
1297255	0.00000
4060678	0.00000
1037065	0.00000
1087691	0.00000
914693	0.00000
1297250	0.00000
966669	0.00000
186724	0.00000
1557412	0.00000
845341	0.00000
1014004	0.00000
5612911	0.00000
647076	0.00000
455620	0.00000
256027	0.00000
576684	0.00000
990810	0.00000
966686	0.00000
455628	0.00000
446812	0.636514
325458	0.00000
493215	0.00000
944906	0.00000
1149736	0.00000
355805	0.00000
508498	0.00000
706622	0.00000
65412	0.00000
316732	0.00000
1061830	0.00000
819279	0.00000
83838	0.00000
734211	0.00000
1518700	0.00000
13022	0.00000
248469	0.00000
160368	0.00000
715330	0.00000
299503	0.00000
656724	0.00000
619679	0.00000
206212	0.00000
66438	0.00000
2867128	0.00000
568022	0.00000
1317212	0.00000
797582	0.00000
4382134	0.00000
83798	0.00000
462627	0.00000
1113783	0.00000
5642534	0.00000
550911	0.00000
602170	0.00000
1200449	0.00000
700119	0.562335
361141	0.00000
611998	0.00000
91470	0.00000
1096199	0.00000
186827	0.00000
975558	0.00000
1599217	0.00000
1365092	0.00000
646921	0.00000
836816	0.693147
637359	0.00000
316768	0.00000
1373704	0.00000
47919	0.00000
440221	0.00000
576562	0.693147
1079137	0.00000
769510	0.00000
136371	0.00000
542120	0.00000
629741	0.00000
1096249	0.00000
409103	0.00000
990936	0.00000
672200	0.00000
1013876	0.00000
470276	0.00000
576548	0.00000
550848	0.00000
508448	0.00000
83732	0.00000
4804965	0.00000
867097	0.00000
769580	0.00000
3017749	0.00000
672270	0.00000
22480	0.00000
657091	0.00000
1096191	0.00000
776322	0.00000
2422527	0.00000
2847100	0.00000
1053188	0.00000
837417	0.00000
462001	0.00000
1472534	0.00000
1496054	0.00000
1014702	0.00000
2638974	0.00000
4250186	0.00000
1480508	0.00000
197731	0.00000
1317584	0.00000
5271701	0.00000
369423	0.00000
160255	0.00000
3783019	0.00000
286498	0.00000
508363	0.00000
431635	0.00000
952224	0.00000
22497	0.00000
213129	0.00000
508370	0.00000
789061	0.00000
56937	0.00000
594332	0.00000
906246	0.00000
1457287	0.00000
1598785	0.00000
12593	0.00000
628832	0.00000
22424	0.00000
232880	0.00000
1255241	0.00000
221834	0.00000
532634	0.00000
386995	0.00000
741716	0.00000
39628	0.00000
83081	0.00000
462079	0.00000
338638	0.00000
194623	0.00000
378349	0.00000
408998	0.00000
197663	0.00000
3740361	0.00000
12572	0.00000
232852	0.00000
386973	0.00000
3782965	0.00000
577425	0.00000
56864	0.00000
620403	0.00000
750364	0.00000
136964	0.00000
1036331	0.00000
1417891	0.00000
1325092	0.00000
1114524	0.00000
1114525	0.00000
12794	0.00000
1526248	0.00000
750573	0.00000
408896	0.00000
12788	0.00000
221785	0.00000
2038930	0.00000
179200	0.00000
3422775	0.00000
999406	0.00000
386929	0.00000
91695	0.00000
584987	0.00000
461876	0.693147
867210	0.00000
602964	0.00000
672414	0.00000
2506582	0.00000
1519468	0.00000
65721	0.00000
431758	0.00000
171604	0.00000
1246673	0.00000
470632	0.00000
1175184	0.00000
524804	0.00000
1105909	0.00000
65712	0.00000
22384	0.00000
1598883	0.00000
577345	0.00000
1573634	0.00000
74453	0.00000
1541276	0.00000
39470	0.00000
699792	0.00000
470649	0.00000
959810	0.00000
1373534	0.00000
109380	0.00000
1955318	0.00000
1140604	0.00000
602894	0.00000
1387360	0.00000
692096	0.00000
990684	0.00000
4805039	0.00000
338541	0.00000
990672	0.00000
1334991	0.00000
936466	0.00000
2310781	0.00000
1549978	0.00000
1449599	0.00000
508219	0.00000
5604496	0.00000
820003	0.00000
524925	0.00000
1365850	0.00000
1045222	0.00000
22278	0.00000
100674	0.00000
654928	0.00000
213102	0.00000
769730	0.00000
1503593	0.00000
160062	0.00000
672494	0.00000
160063	0.00000
2986520	0.00000
1365875	0.00000
206563	0.00000
837568	0.00000
12683	0.00000
1029645	0.00000
12684	0.00000
4112552	0.00000
286711	0.00000
65766	0.00000
117827	0.636514
501328	0.00000
247851	0.00000
2465853	0.00000
516765	0.00000
378001	0.00000
47598	0.00000
657365	0.00000
92079	0.00000
117838	0.00000
707220	0.00000
750191	0.00000
516742	0.00000
29878	0.00000
360512	0.00000
577237	0.00000
884458	0.00000
789324	0.00000
707260	0.00000
726266	0.00000
100522	0.00000
1036654	0.00000
64782	0.00000
171998	0.00000
22270	0.00000
1503403	0.00000
22269	0.00000
416335	0.00000
655317	0.00000
232616	0.00000
213480	0.00000
707291	0.00000
1395803	0.00000
1933194	0.00000
657297	0.00000
550239	0.00000
714927	0.00000
532866	0.00000
22163	0.00000
1078771	0.00000
447397	0.00000
1290204	0.00000
1480289	0.00000
594145	0.00000
542505	0.00000
3731402	0.00000
1305362	0.00000
1525806	0.00000
1550092	0.00000
117787	0.00000
559699	0.00000
286333	0.00000
1954883	0.00000
22191	0.00000
1581244	0.00000
929046	0.00000
22199	0.00000
92115	0.00000
699461	0.00000
1519274	0.00000
1465098	0.00000
307524	0.00000
5093366	0.00000
734918	0.00000
2512907	0.00000
1933234	0.00000
1465097	0.00000
470876	0.00000
1660409	0.00000
2215631	0.00000
889192	0.00000
1140256	0.00000
206728	0.00000
232554	0.00000
12540	0.00000
109178	0.00000
975033	0.00000
3103320	0.00000
866965	0.00000
247987	0.00000
83283	0.00000
12535	0.693147
3264464	0.00000
1114263	0.00000
408647	0.00000
734740	0.00000
726132	0.00000
936809	0.00000
1355927	0.00000
39726	0.00000
584763	0.00000
39717	0.00000
906635	0.00000
657272	0.00000
324959	0.00000
39713	0.00000
486320	0.00000
39715	0.00000
1105634	0.00000
39741	0.00000
1014301	0.00000
4992438	0.00000
198099	0.00000
2233559	0.00000
577098	0.00000
347561	0.00000
256766	0.00000
307598	0.00000
324943	0.00000
4452094	0.00000
136926	0.00000
232536	0.00000
74668	0.00000
1519129	0.00000
65996	0.00000
39759	0.00000
92009	0.00000
1070848	0.00000
1774875	0.00000
39747	0.00000
734842	0.00000
1395935	0.00000
39745	0.00000
241227	0.00000
1061282	0.00000
761245	0.00000
577067	0.00000
47418	0.00000
477609	0.00000
39772	0.00000
408587	0.00000
3475970	0.00000
1255129	0.00000
74676	0.00000
206816	0.00000
1510491	0.00000
734803	0.00000
477584	0.00000
844969	0.00000
12416	0.00000
2506294	0.00000
1519156	0.00000
1114339	0.00000
29786	0.00000
22072	0.00000
867062	0.00000
5053589	0.00000
1193458	0.00000
187344	0.00000
1510477	0.00000
338755	0.00000
307654	0.00000
785156	0.00000
707182	0.00000
1105587	0.00000
317292	0.00000
883127	0.00000
1037883	0.00000
293641	0.00000
928278	0.00000
509827	0.00000
1487653	0.00000
3351398	0.00000
109963	0.00000
324243	0.00000
1236292	0.00000
197121	0.693147
534202	0.00000
1077957	0.00000
1496464	0.00000
74759	0.00000
1318074	0.00000
370014	0.00000
540719	0.00000
278503	0.00000
4488992	0.00000
1210006	0.00000
324257	0.00000
584645	0.00000
1496480	0.00000
1388011	0.00000
859964	0.00000
1165847	0.00000
750889	0.00000
456390	0.00000
5429627	0.00000
14128	1.03972
509886	0.00000
1558207	0.00000
875490	0.00000
4346338	0.00000
637982	0.00000
447676	0.00000
645811	0.00000
603536	0.00000
1433784	0.00000
997671	0.00000
820648	0.00000
1388031	0.00000
708006	0.00000
1028315	0.00000
1487719	0.00000
937200	0.00000
249631	0.00000
197185	0.00000
1131499	0.00000
645851	0.00000
890562	0.00000
74823	0.00000
835851	0.00000
1139078	0.00000
1158343	0.00000
408567	0.00000
324312	0.00000
417104	0.00000
1150622	0.00000
187445	0.00000
469194	0.00000
540776	0.00000
1333254	0.00000
500046	0.00000
3247258	0.00000
997744	0.00000
2995868	0.00000
425733	0.00000
645860	0.00000
5498950	0.00000
618782	0.00000
204803	0.00000
1410644	0.00000
1020556	0.00000
5145998	0.00000
110048	0.00000
1589632	0.00000
1053937	0.00000
1380143	0.00000
540801	0.00000
1053939	0.00000
48670	0.00000
1589644	0.00000
1123737	0.00000
707962	0.00000
293790	0.00000
1183885	0.00000
1598449	0.00000
492496	0.693147
324121	0.00000
898145	0.00000
205029	0.00000
40044	0.00000
798432	0.00000
813601	0.00000
2727134	0.00000
1479133	0.00000
20758	0.00000
197305	0.636514
269578	0.00000
2233279	0.00000
125435	0.00000
509742	0.00000
611244	0.00000
55449	0.00000
339044	0.00000
976895	0.00000
55430	0.00000
2972008	0.00000
1548437	0.00000
611253	0.00000
14242	0.00000
549586	0.00000
1487765	0.00000
3663443	0.00000
64227	0.00000
67272	0.00000
751030	0.00000
500123	0.00000
3143401	0.00000
611262	0.00000
1020465	0.00000
469088	0.00000
945680	0.00000
39990	0.00000
14292	0.00000
102194	0.00000
20855	0.00000
1598377	0.00000
1123806	0.00000
178742	0.00000
560523	0.00000
645711	0.00000
1298066	0.00000
1403329	0.00000
239927	0.00000
430229	0.00000
1598386	0.00000
1015040	0.00000
354522	0.00000
1305836	0.00000
898091	0.00000
20839	0.00000
743356	0.00000
20843	0.00000
1884294	0.00000
1598397	0.00000
14286	0.00000
285065	0.00000
1456707	0.00000
308909	0.00000
4233246	0.00000
1799395	0.00000
117724	0.00000
82520	0.00000
214581	0.00000
249780	0.00000
67204	0.00000
67205	0.00000
315419	0.00000
798350	0.00000
82498	0.00000
385399	0.00000
1357748	0.00000
517404	0.00000
1062670	0.00000
492127	0.00000
222631	0.00000
109711	0.00000
205164	0.00000
1166113	0.00000
1791867	0.00000
1448405	0.00000
109723	0.00000
928538	0.00000
214999	0.00000
540937	0.00000
1558404	0.00000
1201630	0.00000
222649	0.00000
1474407	0.00000
205179	0.00000
928555	0.00000
117258	0.00000
196358	0.00000
416831	0.00000
249449	0.00000
1201644	0.00000
125028	0.00000
222603	0.00000
898509	0.00000
2535688	0.00000
1342247	0.00000
324512	0.00000
109758	0.00000
584393	0.00000
479013	0.00000
232121	0.00000
499713	0.00000
778165	0.00000
1150887	0.00000
959174	0.00000
4727795	0.00000
798510	0.00000
29316	0.00000
40377	0.00000
205107	0.00000
1131254	0.00000
798521	0.00000
492038	0.00000
4207185	0.00000
4936214	0.00000
541048	0.00000
40331	0.00000
1078184	0.00000
517278	0.00000
232168	0.00000
324604	0.00000
4555331	0.00000
13950	0.00000
1527404	0.00000
976438	0.00000
937431	0.00000
937424	0.00000
1548726	0.00000
820237	0.00000
743164	0.00000
3679281	0.00000
3931673	0.00000
239721	0.00000
673267	0.00000
324373	0.00000
2482709	0.00000
170246	0.00000
239742	0.00000
4885677	0.00000
48918	0.00000
1527430	0.00000
64464	0.00000
309193	0.00000
789914	0.00000
486882	0.00000
1123479	0.00000
269349	0.00000
239732	0.00000
125145	0.00000
928669	0.00000
20536	0.00000
67582	0.00000
13991	0.00000
1045985	0.00000
1548702	0.00000
920012	0.00000
90482	0.00000
1158448	0.00000
664427	0.00000
1218617	0.00000
55698	0.00000
152703	0.00000
425672	0.00000
339299	0.00000
101977	0.00000
222482	0.00000
778048	0.00000
257262	0.00000
347065	0.00000
324446	0.00000
222574	0.00000
300529	0.00000
2753393	0.00000
55791	0.00000
3262964	0.00000
1573891	0.00000
1014806	0.00000
1062877	0.00000
492173	0.00000
798600	0.00000
3687155	0.00000
29219	0.00000
611060	0.00000
1150721	0.00000
1456976	0.00000
196552	0.00000
178949	0.00000
673174	0.00000
828928	0.00000
1014831	0.00000
3095277	0.00000
673170	0.00000
197627	0.00000
1263162	0.00000
2956537	0.00000
1028473	0.00000
456461	0.00000
1403109	0.00000
339236	0.00000
20573	0.00000
768611	0.00000
293154	0.00000
629867	0.00000
1150171	0.00000
1448681	0.00000
1097138	0.00000
698728	0.00000
278000	0.00000
55822	0.00000
161167	0.00000
1115462	0.00000
249192	0.00000
66626	0.00000
205426	0.00000
1434243	0.00000
430658	0.00000
1174094	0.00000
13578	0.00000
29132	0.00000
13580	0.00000
509333	0.00000
293220	0.00000
813268	0.00000
13690	0.00000
339623	0.00000
768544	0.00000
698665	0.00000
300620	0.00000
3931631	0.00000
958964	0.00000
716271	0.00000
526010	0.00000
777361	0.00000
170729	0.00000
196714	0.00000
629768	0.00000
4991025	0.00000
178354	0.00000
13662	0.00000
1158874	0.00000
548904	0.00000
1497037	0.00000
4135483	0.00000
3298458	0.00000
576453	0.00000
460930	0.00000
836378	0.00000
1548899	0.00000
29074	0.00000
66602	0.00000
1130986	0.00000
777398	0.00000
438397	0.00000
518069	0.00000
3974829	0.00000
300668	0.00000
1548918	0.00000
1097154	0.00000
2241324	0.00000
257947	0.00000
844186	0.00000
478375	0.00000
1028670	0.00000
323621	0.00000
2406139	0.00000
430837	0.00000
222731	0.00000
2284780	0.00000
1403835	0.00000
905445	0.00000
117131	0.00000
21261	0.00000
339571	0.00000
2145808	0.00000
13719	0.00000
1372419	0.00000
509196	0.00000
323589	0.00000
455799	0.00000
1318458	0.00000
828776	0.00000
487159	0.00000
645136	0.00000
1504639	0.00000
196739	0.00000
777335	0.00000
4488682	0.00000
3584962	0.00000
28978	0.00000
1931857	0.00000
1448489	0.00000
673414	0.00000
101660	0.00000
491944	0.00000
258000	0.00000
1326141	0.00000
257994	0.00000
844234	0.00000
509310	0.00000
417787	0.00000
541439	0.00000
673425	0.00000
40463	0.00000
4641407	0.00000
1364783	0.00000
859610	0.00000
205501	0.00000
1104880	0.00000
3324720	0.00000
195826	0.00000
469614	0.00000
768646	0.00000
1582442	0.00000
323649	0.00000
1341658	0.00000
110407	0.00000
1434198	0.00000
1226948	0.00000
407710	0.00000
75562	0.00000
331153	0.00000
1115209	0.00000
1356922	0.00000
1046372	0.00000
2284906	0.00000
1054535	0.00000
3990292	0.00000
920405	0.00000
603780	0.00000
2496739	0.00000
4105097	0.00000
331186	0.00000
595156	0.00000
2302314	0.00000
28864	0.00000
48519	0.00000
125528	0.00000
654312	0.00000
3756804	0.00000
1693826	0.00000
75539	0.00000
195899	0.00000
223175	0.00000
4105197	0.00000
48619	0.00000
82381	0.00000
13413	0.00000
760156	0.00000
223181	0.00000
1846282	0.00000
195916	0.00000
1115160	0.00000
768814	0.00000
231674	0.00000
751190	0.00000
377009	0.00000
285237	0.00000
2444084	0.00000
4416488	0.00000
223214	0.00000
1037667	0.00000
568428	0.00000
603882	0.00000
1410406	0.00000
958685	0.00000
355141	0.00000
638828	0.00000
21238	0.00000
899007	0.00000
2932760	0.00000
859311	0.00000
249065	0.00000
645429	0.00000
2038218	0.00000
40778	0.00000
125678	0.00000
1184679	0.00000
968330	0.00000
1006604	0.00000
1158964	0.00000
1202047	0.00000
293036	0.00000
153208	0.00000
63990	0.00000
5810612	0.00000
48386	0.00000
526170	0.00000
269875	0.00000
1574489	0.00000
1474042	0.00000
1566591	0.00000
13452	0.693147
2544920	0.00000
4005761	0.00000
508957	0.00000
541570	0.00000
469795	0.00000
1306552	0.00000
1388105	0.00000
1089142	0.00000
560839	0.00000
110110	0.00000
197009	0.00000
1130558	0.00000
654187	0.00000
1474027	0.00000
2241264	0.00000
13469	0.00000
116930	0.00000
1496688	0.00000
1574449	0.00000
205706	0.00000
576112	0.00000
5810648	0.00000
1096812	0.00000
285334	0.00000
583705	0.00000
82256	0.00000
277541	0.00000
751332	0.00000
257744	0.00000
517686	0.00000
21093	0.00000
890191	0.00000
125574	0.00000
13504	0.00000
13505	0.00000
2589343	0.00000
370327	0.00000
116981	0.00000
1582176	0.00000
681421	0.00000
945434	0.00000
836241	0.00000
1192374	0.00000
689654	0.00000
1394615	0.00000
184450	0.00000
767126	0.00000
916717	0.00000
2802494	0.00000
996801	0.00000
574805	0.00000
652332	0.00000
106840	0.00000
1155162	0.00000
15313	0.00000
1543809	0.00000
535136	0.00000
380716	0.00000
36917	0.00000
1559163	0.00000
345749	0.00000
4286509	0.00000
223300	0.00000
116683	0.00000
177677	0.00000
99077	0.00000
153900	0.00000
231276	0.00000
1524727	0.00000
266589	0.00000
345732	0.00000
23898	0.00000
309927	0.00000
99095	0.00000
830308	0.00000
5274187	0.00000
3231010	0.00000
1202250	0.00000
2104290	0.00000
526418	0.00000
658473	0.00000
380776	0.00000
345839	0.00000
99190	0.00000
933896	0.00000
318551	0.00000
2159849	0.00000
918733	0.00000
200355	0.00000
1085765	0.00000
927393	0.00000
1202281	0.00000
495604	0.00000
75939	0.00000
398710	0.00000
106791	0.00000
345820	0.00000
15267	0.00000
99160	0.00000
1551496	0.00000
68318	0.00000
857019	0.00000
23829	0.00000
1411725	0.00000
75841	0.00000
24044	0.00000
1233152	0.00000
1411692	0.00000
441959	0.00000
503137	0.00000
24048	0.00000
24050	0.00000
969077	0.00000
782540	0.00000
15189	0.00000
138580	0.00000
1601323	0.00000
68154	0.00000
54399	0.00000
751940	0.00000
1524557	0.00000
231401	0.00000
147212	0.00000
345626	0.00000
336053	0.00000
85710	0.00000
414072	0.00000
15219	0.00000
2159667	0.00000
847707	0.00000
75889	0.00000
407502	0.00000
621836	0.00000
5770670	0.00000
223440	0.00000
147218	0.00000
744197	0.00000
3315699	0.00000
916560	0.00000
407497	0.00000
698203	0.00000
821645	0.00000
1358679	0.00000
353302	0.00000
106892	0.00000
23976	0.00000
1111880	0.00000
388488	0.00000
407457	0.00000
3950557	0.00000
93392	0.00000
457450	0.00000
162739	0.00000
5365854	0.00000
1233238	0.00000
1054840	0.00000
667385	0.00000
751935	0.00000
751929	0.00000
1584026	0.00000
231331	0.00000
441859	0.00000
336107	0.00000
207960	0.00000
652487	0.00000
2259358	0.00000
874481	0.00000
239062	0.00000
63101	0.00000
169136	0.00000
457417	0.00000
93435	0.00000
874485	0.636514
1676142	0.00000
495464	0.00000
1559208	0.00000
3177755	0.00000
37179	0.00000
682946	0.00000
483758	0.00000
98872	0.00000
891742	0.00000
336140	0.00000
5312179	0.00000
32276	0.00000
380470	0.00000
736276	0.00000
54767	0.00000
476126	0.00000
380465	0.00000
1004129	0.00000
346045	0.00000
54757	0.00000
927680	0.00000
15097	0.00000
138484	0.00000
223571	0.00000
864404	0.00000
1147678	0.00000
1202486	0.00000
767399	0.00000
4761289	0.00000
63409	0.00000
728652	0.00000
782706	0.00000
909223	0.00000
200673	0.00000
223563	0.00000
85830	0.00000
2884587	0.00000
93477	0.00000
881737	0.00000
208368	0.00000
476043	0.00000
116403	0.00000
266285	0.00000
45847	0.00000
483808	0.00000
502947	0.00000
988914	0.00000
1141834	0.00000
728630	0.00000
1394420	0.00000
899430	0.00000
106508	0.00000
927618	0.00000
3932813	0.00000
821262	0.00000
3292652	0.00000
1516592	0.00000
398421	0.00000
93562	0.00000
3014546	0.00000
927672	0.00000
1481967	0.00000
3560352	0.00000
37203	0.00000
1241731	0.00000
1072396	0.00000
54671	0.00000
502943	0.00000
153699	0.00000
962089	0.00000
15023	0.00000
1349777	0.00000
1583637	0.00000
1111783	0.00000
1411995	0.00000
1241743	0.00000
968828	0.00000
891856	0.00000
942983	0.00000
380605	0.00000
76102	0.00000
658940	0.00000
830127	0.00000
413789	0.00000
398492	0.00000
178081	0.00000
32432	0.00000
3315449	0.00000
1376970	0.00000
32441	0.693147
1046842	0.00000
407241	0.00000
46077	0.00000
1376960	0.00000
881866	0.00000
457619	0.00000
14949	0.00000
14950	0.00000
667573	0.00000
2327778	0.00000
146950	0.00000
336308	0.00000
645118	0.00000
674065	0.00000
162499	0.00000
1544004	0.00000
1471328	0.00000
266409	0.00000
3656077	0.00000
292359	0.00000
621673	0.00000
713346	0.00000
3230911	0.00000
3812568	0.00000
178154	0.00000
14852	0.00000
667608	0.00000
927494	0.00000
37347	0.00000
1141961	0.00000
1264321	0.00000
345972	0.00000
106675	0.00000
996400	0.00000
93684	0.00000
23709	0.00000
169394	0.00000
246386	0.00000
169386	0.00000
2259082	0.00000
124002	0.00000
208198	0.00000
68425	0.00000
85897	0.00000
759575	0.00000
457688	0.00000
363030	0.00000
178117	0.00000
758999	0.00000
107368	0.00000
215073	0.00000
215075	0.00000
85070	0.00000
1241546	0.00000
1552082	0.00000
319000	0.00000
239382	0.00000
1072735	0.00000
24413	0.00000
4054963	0.00000
1063157	0.00000
37399	0.00000
622469	0.00000
526881	0.00000
942132	0.00000
961867	0.00000
1012495	0.00000
380209	0.00000
1552126	0.00000
267126	0.00000
468600	0.00000
882532	0.00000
223840	0.00000
468599	0.00000
1086244	0.00000
1558608	0.00000
215049	0.00000
1517422	0.00000
552105	0.00000
215056	0.00000
55033	0.693147
24443	0.00000
14810	0.00000
184986	0.00000
215071	0.00000
1552100	0.00000
1072759	0.00000
345256	0.00000
3742213	0.00000
93719	0.00000
154397	0.00000
954165	0.00000
3843830	0.00000
1583384	0.00000
1517341	0.00000
5518461	0.00000
534551	0.00000
484044	0.00000
223766	0.00000
1133850	0.00000
76469	0.00000
899679	0.00000
353966	0.00000
5335922	0.00000
327689	0.00000
544423	0.00000
93811	0.00000
1055467	0.00000
1263940	0.00000
1558558	0.00000
2274925	0.00000
3594517	0.00000
3346312	0.00000
666717	0.00000
422391	0.00000
3559572	0.00000
3790611	0.00000
737116	0.00000
223788	0.00000
3790606	0.00000
14744	0.00000
301731	0.00000
254901	0.295439
3790602	0.00000
475279	0.00000
743909	0.00000
5518415	0.00000
1419977	0.00000
1428586	0.00000
62500	0.00000
215208	0.00000
292219	0.00000
353908	0.00000
14710	0.693147
4424191	0.00000
899743	0.00000
5327313	0.00000
728521	0.00000
1517518	0.00000
503627	0.00000
5258366	0.00000
380295	0.00000
456880	0.00000
230856	0.00000
1455349	0.00000
2406939	0.00000
5518495	0.00000
85221	0.00000
24556	0.00000
267252	0.00000
1086382	0.00000
1038441	0.00000
246017	0.00000
1567417	0.00000
45257	0.00000
1303165	0.00000
139097	0.00000
353866	0.00000
223997	0.00000
184857	0.00000
433669	0.00000
85237	0.00000
208439	0.00000
1402688	0.00000
456878	0.00000
414543	0.00000
891053	0.00000
583125	0.00000
5693365	0.00000
45224	0.00000
1125166	0.00000
67657	0.00000
230823	0.00000
456923	0.00000
1437360	0.00000
1047149	0.00000
5273847	0.00000
1498017	0.00000
829916	0.00000
1761451	0.00000
3178231	0.00000
62590	0.00000
737254	0.00000
3790763	0.00000
1524015	0.00000
107448	0.00000
527057	0.00000
2680816	0.00000
199689	0.00000
24491	0.00000
969515	0.00000
510364	0.00000
146813	0.00000
4294130	0.00000
681993	0.00000
284527	0.00000
169625	0.00000
847155	0.00000
5533702	0.00000
839511	0.00000
2121148	0.00000
319236	0.00000
1455437	0.00000
977086	0.00000
192980	0.00000
169845	0.00000
5075549	0.00000
783209	0.00000
3031383	0.00000
3993562	0.00000
812378	0.00000
847065	0.00000
1263672	0.00000
3790459	0.00000
24136	0.00000
1567512	0.00000
783218	0.00000
627135	0.00000
319261	0.00000
494768	0.00000
969466	0.00000
728160	0.00000
1047447	0.00000
2467980	0.00000
200152	0.00000
4890762	0.00000
4714042	0.00000
977035	0.00000
2996516	0.00000
697495	0.00000
422076	0.00000
977026	0.00000
783197	0.00000
138956	0.00000
3006350	0.00000
449367	0.00000
14521	0.00000
460139	0.00000
582730	0.00000
1047544	0.00000
1428805	0.00000
3314742	0.00000
917392	0.00000
2718922	0.00000
62963	0.00000
37715	0.00000
1463207	0.00000
953937	0.00000
76720	0.00000
1063339	0.00000
2259456	0.00000
14496	0.00000
326968	0.00000
1761595	0.00000
1257165	0.00000
891179	0.00000
414386	0.00000
14491	0.693147
254643	0.00000
1552297	0.00000
146676	0.00000
557772	0.00000
1218065	0.00000
309700	0.00000
94042	0.00000
85306	0.00000
14492	0.00000
76698	0.00000
2134385	0.00000
309707	0.00000
115891	0.00000
37749	0.00000
475527	0.00000
1315635	0.00000
534842	0.00000
544664	0.00000
55211	0.00000
3314702	0.00000
1463190	0.00000
1086050	0.00000
14470	0.00000
4768273	0.00000
674809	0.00000
4547486	0.00000
1257198	0.00000
94131	0.00000
14453	0.00000
1983189	0.00000
1350215	0.00000
575212	0.00000
961791	0.00000
31928	0.00000
224206	0.00000
177546	0.00000
177545	0.00000
1490005	0.00000
1482292	0.00000
388849	0.00000
460219	0.00000
1218277	0.00000
565351	0.00000
518818	0.00000
37809	0.00000
441700	0.00000
954036	0.00000
1203103	0.00000
1761743	0.00000
1103484	0.00000
3143967	0.00000
1012378	0.00000
1225896	0.00000
245770	0.00000
200011	0.00000
291929	0.00000
882415	0.00000
31886	0.00000
622139	0.00000
565368	0.00000
829602	0.00000
1567673	0.00000
856127	0.00000
224152	0.00000
3790500	0.00000
138804	0.00000
3790511	0.00000
596205	0.00000
1463087	0.00000
55070	0.00000
254485	0.00000
421973	0.00000
4644784	0.00000
354102	0.00000
1233510	0.00000
839268	0.00000
557693	0.00000
62801	0.00000
208761	0.00000
856094	0.00000
2918553	0.00000
3790464	0.00000
510087	0.00000
1203161	0.00000
192827	0.00000
115772	0.00000
856086	0.00000
2495695	0.00000
503343	0.00000
821909	0.00000
177651	0.00000
787208	0.00000
266943	0.00000
743539	0.00000
199940	0.00000
224167	0.00000
372187	0.00000
194217	0.00000
1445973	0.00000
1591696	0.00000
1047747	0.00000
230149	0.00000
880931	0.00000
163616	0.00000
1435664	0.00000
123338	0.00000
917738	0.00000
22831	0.00000
62153	0.00000
1013064	0.00000
536101	0.00000
432327	0.00000
22833	0.00000
38000	1.03972
1040060	0.00000
502190	0.00000
988156	0.00000
326146	0.00000
1525641	0.00000
900214	0.00000
283107	0.00000
2260232	0.00000
880907	0.00000
787629	0.00000
379740	0.00000
62179	0.00000
1203298	0.00000
831301	0.00000
1141096	0.00000
46638	0.00000
92270	0.00000
53393	0.00000
796329	0.00000
16323	0.00000
53476	0.00000
84577	0.00000
441086	0.00000
1860452	0.00000
137665	0.00000
573763	0.00000
62102	0.00000
69311	0.00000
467051	0.00000
1435716	0.00000
16344	0.00000
387399	0.00000
194290	0.00000
3119164	0.00000
37889	0.00000
4371976	0.00000
62113	0.00000
230248	0.636514
542960	0.00000
46692	0.00000
137705	0.00000
415231	0.00000
137699	0.00000
597819	0.00000
1079857	0.00000
1005396	0.00000
31542	0.00000
16373	0.00000
714603	0.00000
1248240	0.00000
900114	0.00000
406347	0.00000
423816	0.00000
16140	0.00000
5137102	0.00000
714641	0.00000
1576415	0.00000
69230	0.00000
1941383	0.00000
69228	0.00000
31685	0.00000
449686	0.00000
727975	0.00000
558412	0.00000
745315	0.00000
2304624	0.00000
337092	0.00000
69244	0.00000
1393509	0.00000
796284	0.00000
1163825	0.00000
1331309	0.00000
364335	0.00000
1071283	0.00000
206916	0.00000
1420400	0.00000
1339956	0.00000
620881	0.00000
406417	0.00000
542773	0.00000
22912	0.00000
163725	0.00000
22943	0.00000
3344692	0.00000
3199770	0.00000
168119	0.00000
1941432	0.00000
2881199	0.00000
69204	0.00000
415014	0.00000
84628	0.00000
2679232	0.00000
536193	0.00000
796193	0.00000
1125711	0.00000
865573	0.00000
3260524	0.00000
613213	0.00000
16202	0.00000
16204	0.00000
1133545	0.00000
1064526	0.00000
329456	0.00000
76871	0.00000
467186	0.00000
4002888	0.00000
61959	0.00000
697115	0.00000
970080	0.00000
38074	0.00000
3214655	0.00000
423726	0.00000
1225650	0.00000
987964	0.00000
61970	0.00000
2205655	0.00000
337039	0.00000
636001	0.00000
276365	0.00000
822748	0.00000
1156334	0.00000
1385904	0.00000
255302	0.00000
2793776	0.00000
657631	0.00000
199272	0.00000
329439	0.00000
432175	0.00000
1941488	0.00000
146205	0.00000
605635	0.00000
123091	0.00000
326412	0.00000
783630	0.00000
5800391	0.00000
822298	0.00000
1393379	0.00000
345062	0.00000
714267	0.00000
207336	0.00000
69605	0.00000
194477	0.00000
978631	0.00000
727605	0.00000
5233577	0.00000
865508	0.00000
3727738	0.00000
22569	0.00000
1576036	0.00000
22548	0.00000
683945	0.00000
735337	0.00000
163358	0.00000
22547	0.00000
123129	0.00000
484814	0.00000
247537	0.00000
2564875	0.00000
1064864	0.00000
484816	0.00000
1048035	0.00000
822312	0.00000
46895	0.00000
776021	0.00000
683952	0.00000
1533148	0.00000
865478	0.00000
683956	0.00000
1064872	0.00000
255106	0.00000
1030443	0.00000
683958	0.00000
1929598	0.00000
620706	0.00000
1568037	0.00000
31259	0.00000
46938	0.00000
1446156	0.00000
1225271	0.00000
969983	0.00000
558218	0.00000
2434818	0.00000
613067	0.00000
880747	0.00000
185732	0.00000
745137	0.00000
1324818	0.00000
865447	0.00000
582204	0.00000
643931	0.00000
926665	0.00000
484798	0.00000
1203457	0.00000
3456169	0.00000
22611	0.450561
1225244	0.00000
1047998	0.00000
46946	0.00000
705567	0.00000
364254	0.00000
5857268	0.00000
46948	0.00000
727635	0.00000
326516	0.00000
46956	0.00000
2963075	0.00000
727719	0.00000
900606	0.00000
511645	0.00000
696925	0.00000
1133222	0.00000
291364	0.00000
484686	0.00000
194320	0.00000
207184	0.00000
146007	0.00000
77110	0.00000
329612	0.00000
22670	0.00000
1080303	0.00000
4287979	0.00000
38347	0.00000
1234021	0.00000
207168	0.00000
69440	0.00000
752701	0.00000
2537749	0.00000
107686	0.00000
458708	0.00000
1064794	0.00000
5190751	0.00000
566890	0.00000
5656908	0.00000
92571	0.00000
636262	0.00000
1064785	0.00000
651682	0.00000
337290	0.00000
519333	0.00000
163576	0.00000
62216	0.00000
53611	0.00000
1140873	0.00000
122890	0.00000
276118	0.00000
1040237	0.00000
666527	0.00000
675135	0.00000
3169248	0.00000
84958	0.00000
441165	0.00000
1860308	0.00000
543085	0.00000
22749	0.00000
1532940	0.00000
4530602	0.00000
494112	0.00000
1086609	0.00000
714474	0.00000
53588	0.00000
163527	0.00000
1489494	0.00000
237707	0.00000
4106721	0.00000
4167814	0.00000
115267	0.00000
830795	0.00000
440470	0.00000
627955	0.00000
83980	0.00000
4333475	0.00000
38474	0.00000
247265	0.00000
1242502	0.00000
1374519	0.00000
3313982	0.00000
657934	0.00000
1568320	0.00000
830810	0.00000
99667	0.00000
3183958	0.00000
83987	0.00000
247283	0.00000
543403	0.00000
1401764	0.00000
224786	0.00000
605967	0.00000
77497	0.00000
193681	0.00000
1331961	0.00000
675583	0.00000
830825	0.00000
163115	0.00000
2908705	0.00000
566716	0.00000
811046	0.00000
753546	0.00000
494018	0.00000
4759970	0.00000
467492	0.00000
978399	0.00000
1489324	0.00000
675553	0.00000
1427480	0.00000
1464055	0.00000
535635	0.00000
1126375	0.00000
1692020	0.00000
830724	0.00000
283541	0.00000
23372	0.00000
3812148	0.00000
574331	0.00000
115155	0.00000
476391	0.00000
405835	0.00000
1186546	0.00000
1489352	0.00000
706309	0.00000
123837	0.00000
68771	0.00000
68774	0.00000
1156679	0.00000
636665	0.00000
291287	0.00000
84073	0.00000
872705	0.00000
291286	0.00000
99626	0.00000
4115694	0.00000
68787	0.00000
872731	0.00000
1225017	0.00000
291279	0.00000
1039606	0.00000
99637	0.00000
1203743	0.00000
1163511	0.00000
2388933	0.00000
5226075	0.00000
38457	0.00000
92908	0.00000
1427664	0.00000
23437	0.00000
459006	0.00000
1463863	0.00000
61536	0.00000
291131	0.00000
1576947	0.00000
830923	0.00000
405905	0.00000
15653	0.00000
1286860	0.00000
1039387	0.00000
1568458	0.00000
1273747	0.00000
53788	0.00000
31230	0.00000
207446	0.00000
53791	0.00000
784042	0.00000
3789733	0.00000
881567	0.00000
4752227	0.00000
2832876	0.00000
1102614	0.00000
68691	0.00000
2441800	0.00000
53802	0.00000
1186310	0.00000
84138	0.00000
61518	0.00000
229766	0.00000
918116	0.00000
23458	0.00000
787978	0.00000
457969	0.00000
935587	0.00000
1339422	0.00000
198674	0.00000
15641	0.00000
1163320	0.00000
528078	0.00000
46226	0.00000
1929919	0.00000
1242428	0.00000
892056	0.00000
1533796	0.00000
1064047	0.00000
1110318	0.00000
268242	0.00000
4838649	0.00000
1599764	0.00000
38528	0.00000
38529	0.00000
176270	0.00000
1427613	0.00000
467661	0.00000
229876	0.00000
440397	0.00000
53848	0.00000
216241	0.00000
1412167	0.00000
688967	0.00000
1133008	0.00000
467654	0.00000
1013686	0.00000
1186431	0.00000
1599744	0.00000
1110323	0.00000
1030897	0.00000
99753	0.00000
363889	0.00000
23534	0.00000
1022120	0.00000
198722	0.00000
1366960	0.00000
1489267	0.00000
15684	0.636514
1331772	0.00000
325852	0.00000
15681	0.00000
84196	0.00000
23523	0.00000
123672	0.00000
3199356	0.00000
706464	0.00000
46299	0.00000
1163391	0.00000
1463887	0.00000
3291707	0.00000
310286	0.00000
1412203	0.00000
3261044	0.00000
502400	0.00000
459104	0.00000
5605770	0.00000
1427784	0.00000
283342	0.00000
1844446	0.00000
581707	0.00000
23064	0.00000
255633	0.00000
15544	0.00000
943485	0.00000
788403	0.00000
415400	0.00000
137907	0.00000
99418	0.00000
796118	0.00000
15520	0.00000
30817	0.00000
1094688	0.00000
5226273	0.00000
926113	0.00000
137899	0.00000
3183688	0.00000
943466	0.00000
38768	0.00000
23090	0.00000
108055	0.00000
796152	0.00000
229407	0.00000
23092	0.00000
935729	0.00000
892185	0.00000
1793504	0.00000
1273392	0.00000
892180	0.00000
1533677	0.00000
543631	0.00000
3362388	0.00000
108037	0.00000
38757	0.00000
423155	0.00000
46341	0.00000
325917	0.00000
38759	0.00000
114897	0.00000
4257202	0.00000
423043	0.00000
145562	0.00000
1592038	0.00000
23120	0.00000
1086993	0.00000
1204030	0.00000
114907	0.00000
916434	0.00000
4790314	0.00000
2174463	0.00000
15590	0.00000
84295	0.00000
5631864	0.00000
1132615	0.00000
830472	0.00000
30765	0.00000
1102542	0.00000
857312	0.00000
4271081	0.00000
2655366	0.00000
46422	0.00000
137944	0.00000
1930109	0.00000
61841	0.693147
162943	0.00000
758248	0.00000
960599	0.00000
92929	0.00000
1242346	0.00000
2655378	0.00000
1359001	0.00000
892237	0.00000
1516147	0.00000
838283	0.00000
775475	0.00000
123535	0.00000
1172365	0.00000
1516154	0.00000
788275	0.00000
186235	0.00000
1148370	0.00000
1102356	0.00000
872678	0.00000
46508	0.00000
3834130	0.00000
225162	0.00000
2893640	0.00000
621141	0.00000
168872	0.00000
198956	0.00000
872660	0.00000
683265	0.00000
4080826	0.00000
15389	0.00000
784266	0.00000
872668	0.00000
168863	0.00000
758057	0.00000
636708	0.00000
1392744	0.00000
1524740	0.00000
3344926	0.00000
3456591	0.00000
581880	0.00000
1242150	0.00000
398045	0.00000
186179	0.00000
15372	0.00000
675709	0.00000
872648	0.00000
38884	0.00000
796013	0.00000
3153255	0.00000
440650	0.00000
1079741	0.00000
38812	0.00000
23257	0.636514
23253	0.00000
597154	0.00000
163035	0.00000
892411	0.00000
987156	0.00000
1056524	0.00000
795911	0.00000
1930182	0.00000
168933	0.00000
450547	0.00000
621075	0.00000
1551190	0.00000
1324479	0.00000
621078	0.00000
318363	0.00000
353151	0.00000
1584339	0.00000
766779	0.00000
838164	0.00000
2352245	0.00000
822999	0.00000
907536	0.00000
753223	0.00000
2884950	0.00000
23291	0.00000
652204	0.00000
77663	0.00000
1247325	0.00000
15444	0.00000
845950	0.00000
1022388	0.00000
290900	0.00000
23274	0.00000
1141389	0.00000
23275	0.00000
337812	0.00000
283184	0.00000
1242215	0.00000
1079686	0.00000
337819	0.00000
207656	0.00000
4769495	0.00000
255593	0.00000
268024	0.00000
