35203	0.00000
1002177	0.00000
3441244	0.00000
520341	0.00000
466869	0.00000
252448	0.00000
17611	0.00000
554778	0.00000
17610	0.00000
1066447	0.00000
264392	0.00000
879839	0.00000
1569153	0.00000
17621	0.00000
590496	0.00000
949171	0.00000
1075131	0.00000
964344	0.00000
902963	0.00000
396438	0.00000
26243	0.00000
1301257	0.00000
643026	0.00000
43974	0.00000
78147	0.00000
202561	0.00000
862241	0.00000
140832	0.00000
986671	0.00000
147584	0.00000
590468	0.00000
26257	0.00000
176063	0.00000
26260	0.00000
191355	0.00000
773027	0.00000
1515149	0.00000
765308	0.00000
1553692	0.00000
2487985	0.00000
528889	0.00000
1040746	0.00000
132135	0.00000
910617	0.00000
147705	0.00000
105176	0.00000
1286065	0.00000
730336	0.00000
1352284	0.00000
105185	0.00000
537524	0.00000
1230923	0.00000
590547	0.00000
237190	0.00000
264370	0.00000
642975	0.00000
122417	0.00000
1009696	0.00000
396336	0.00000
1577014	0.00000
78334	0.00000
580715	0.00000
590380	0.00000
122585	0.00000
3215509	0.00000
633284	0.00000
70548	0.00000
8947	0.00000
3926632	0.00000
642914	0.00000
780655	0.00000
5236107	0.00000
2314503	0.00000
304023	0.00000
78282	0.00000
390239	0.00000
112709	0.00000
537450	0.00000
87932	0.00000
1215570	0.00000
1161561	0.00000
87925	0.00000
61330	0.00000
554912	0.00000
17527	0.00000
1092140	0.00000
4360483	0.00000
442673	0.00000
1569104	0.00000
156176	0.00000
537358	0.00000
112703	0.00000
3926560	0.00000
840959	0.00000
1040883	0.00000
304086	0.00000
3215593	0.00000
730193	0.00000
342356	0.00000
633271	0.00000
312696	0.00000
719391	0.00000
590422	0.00000
660771	0.00000
466766	0.00000
52671	0.00000
1438983	0.00000
642831	0.00000
35189	0.00000
451424	0.00000
130259	0.00000
504994	0.00000
1408141	0.00000
704206	0.00000
9073	0.00000
17872	0.00000
9079	0.693147
9078	0.693147
9077	0.693147
9076	0.693147
191061	0.00000
9083	0.693147
9082	0.693147
191063	0.00000
9081	0.693147
60986	0.00000
9080	0.693147
9087	0.693147
497455	0.00000
130362	0.00000
608105	0.00000
9085	0.693147
9084	0.693147
43745	0.00000
43749	0.00000
910408	0.00000
9060	0.00000
303664	0.00000
1126767	0.00000
9070	0.00000
420634	0.00000
563458	0.00000
122740	0.00000
60945	0.00000
156670	0.00000
122737	0.00000
1109783	0.00000
780482	0.00000
1301013	0.00000
26526	0.00000
505199	0.00000
1759423	0.00000
390620	0.00000
1266571	0.00000
650422	0.00000
191080	0.00000
191077	0.00000
451261	0.00000
505213	0.00000
1161395	0.00000
396769	0.00000
411937	0.00000
4590052	0.00000
435716	0.00000
217844	0.00000
1010169	0.00000
1460274	0.00000
209999	0.00000
70212	0.00000
3030057	0.00000
95467	0.00000
52232	0.00000
862535	0.00000
1568999	0.00000
17853	0.00000
489577	0.00000
1400699	0.00000
497495	0.00000
77835	0.00000
722868	0.00000
130379	0.00000
1153771	0.00000
1586105	0.00000
1530649	0.00000
130491	0.00000
359663	0.00000
52437	0.00000
105232	0.00000
948782	0.00000
342069	0.00000
660565	0.00000
9197	0.00000
1400735	0.00000
738205	0.00000
359622	0.00000
3037821	0.00000
1178777	0.00000
902803	0.00000
442441	0.00000
948762	0.00000
210106	0.00000
43603	0.00000
810013	0.00000
396547	0.00000
43592	0.00000
537213	0.00000
710963	0.00000
87657	0.00000
1383292	0.00000
2362232	0.00000
351928	0.00000
34910	0.00000
854965	0.00000
854968	0.00000
17686	0.00000
710988	0.00000
497632	0.00000
202405	0.00000
52367	0.00000
61161	0.00000
572312	0.00000
9127	0.693147
466549	0.00000
237358	0.00000
780350	0.00000
87557	0.00000
823594	0.00000
598294	0.00000
1274167	0.00000
112913	0.00000
147802	0.00000
1321544	0.00000
1171124	0.00000
1180831	0.00000
1048819	0.00000
580865	0.00000
9100	0.693147
9097	0.693147
757426	0.00000
9098	0.693147
9093	0.693147
9092	0.693147
589683	0.00000
34914	0.00000
810057	0.00000
9088	0.693147
9091	0.693147
9090	0.693147
481621	0.00000
251916	0.00000
43462	0.00000
902414	0.00000
1585395	0.00000
554288	0.00000
1274597	0.00000
25739	0.00000
669076	0.00000
183046	0.00000
342922	0.00000
53104	0.00000
772520	0.00000
1829575	0.00000
25756	0.00000
1523438	0.00000
396941	0.00000
1338749	0.00000
554257	0.00000
4265218	0.00000
175500	0.00000
1422130	0.00000
590008	0.00000
43499	0.00000
537048	0.00000
607358	0.00000
104601	0.00000
1382593	0.00000
941019	0.00000
1554249	0.00000
1010363	0.00000
43512	0.00000
236682	0.00000
1179460	0.00000
78599	0.00000
43401	0.00000
1331057	0.00000
1554210	0.00000
925554	0.00000
475047	0.00000
130640	0.00000
60763	0.00000
264862	0.00000
167849	0.00000
320947	0.00000
1074669	0.00000
1430995	0.00000
69960	0.00000
226202	0.00000
87443	0.00000
155746	0.636514
303509	0.00000
122089	0.00000
1144335	0.00000
167750	0.00000
130700	0.00000
1351837	0.00000
765853	0.00000
53216	0.00000
104484	0.00000
43331	0.00000
1338822	0.00000
1560907	0.00000
122108	0.00000
1181659	0.00000
210878	0.00000
43347	0.00000
625029	0.00000
183199	0.00000
955914	0.00000
5632880	0.00000
862853	0.00000
801154	0.00000
1274444	0.00000
25634	0.00000
1057251	0.00000
43385	0.00000
132854	0.00000
765869	0.00000
880217	0.00000
53204	0.00000
571586	0.00000
450823	0.00000
25678	0.00000
956008	0.00000
1189347	0.00000
571581	0.00000
60866	0.00000
132747	0.00000
351716	0.00000
1400032	0.00000
60893	0.00000
3371061	0.00000
364704	0.00000
684431	0.00000
703695	0.00000
571556	0.00000
496838	0.00000
78739	0.00000
104525	0.00000
1101442	0.00000
481713	0.00000
1144446	0.00000
390693	0.00000
490440	0.00000
2158590	0.00000
87320	0.00000
1413507	0.00000
148089	0.00000
5364119	0.00000
1118416	0.00000
4031450	0.00000
156157	0.00000
780996	0.00000
4498433	0.00000
167638	0.00000
824272	0.00000
290115	0.00000
756860	0.00000
95879	0.00000
182796	0.00000
190563	0.00000
334065	0.00000
793153	0.00000
1545243	0.00000
237053	0.00000
303146	0.00000
711566	0.00000
95928	0.00000
360035	0.00000
225997	0.00000
260940	0.00000
1523670	0.00000
167663	0.00000
1545279	0.00000
756821	0.00000
893569	0.00000
505692	0.00000
210433	0.00000
2480111	0.00000
26068	0.00000
650984	0.00000
201750	0.00000
3612625	0.00000
4732086	0.00000
589302	0.00000
450802	0.00000
598970	0.00000
130889	0.00000
554048	0.00000
190494	0.00000
435200	0.00000
1285310	0.00000
373611	0.00000
26106	0.00000
167605	0.00000
132911	0.00000
175311	0.00000
225930	0.00000
52741	0.00000
3876092	0.00000
1179232	0.00000
1001867	0.00000
554079	0.00000
1231713	0.00000
590330	0.00000
737703	0.00000
4676810	0.00000
95770	0.00000
78552	0.00000
1259443	0.00000
793311	0.00000
1476484	0.00000
78538	0.00000
397083	0.00000
642140	0.00000
722301	0.00000
333951	0.00000
104734	0.00000
1514789	0.00000
711438	0.00000
1338601	0.00000
95787	0.00000
1170638	0.00000
167524	0.00000
2579195	0.00000
412668	0.00000
261067	0.00000
390916	0.00000
104828	0.00000
60638	0.00000
264997	0.00000
703936	0.00000
661036	0.00000
133020	0.00000
18227	0.00000
95828	0.00000
18226	0.00000
132997	0.00000
3806516	0.00000
1476569	0.00000
236807	0.00000
78467	0.00000
78466	0.00000
1109447	0.00000
824117	0.00000
971673	0.00000
512300	0.00000
69847	0.00000
1001751	0.00000
252387	0.00000
245569	0.00000
1056940	0.00000
1250726	0.00000
642104	0.00000
963879	0.00000
642099	0.00000
95842	0.00000
25956	0.00000
684216	0.00000
225806	0.00000
95843	0.00000
1025573	0.00000
16527	0.00000
564348	0.00000
36297	0.00000
236195	0.00000
452573	0.00000
183663	0.00000
588497	0.00000
793904	0.00000
1024443	0.00000
473479	0.00000
720554	0.00000
3427150	0.00000
902010	0.00000
1197565	0.00000
824507	0.00000
404103	0.00000
4559371	0.00000
886719	0.00000
729300	0.00000
1093260	0.00000
265395	0.00000
358678	0.00000
9730	0.00000
36320	0.00000
634166	0.00000
192305	0.00000
44959	0.00000
1338114	0.00000
265377	0.00000
1934996	0.00000
1099828	0.00000
1135285	0.00000
1812553	0.00000
901980	0.00000
9836	0.00000
901921	0.00000
1135303	0.00000
1360025	0.00000
106118	0.00000
4040331	0.00000
521352	0.00000
289378	0.00000
1135321	0.00000
614406	0.00000
1360008	0.00000
668584	0.00000
901944	0.00000
1257504	0.00000
756592	0.00000
1474585	0.00000
901888	0.00000
71467	0.00000
226793	0.00000
274072	0.00000
94598	0.00000
1822392	0.00000
1093317	0.00000
51559	0.00000
503914	0.00000
157430	0.00000
963289	0.00000
606794	0.00000
131153	0.00000
261245	0.00000
839711	0.00000
16628	0.00000
2059619	0.00000
1267303	0.00000
226563	0.00000
941327	0.00000
764393	0.00000
174930	0.00000
139986	0.500402
243799	0.00000
1274925	0.00000
1415098	0.00000
954466	0.00000
1197390	0.00000
711797	0.00000
774002	0.00000
1760618	0.00000
201624	0.00000
703183	0.00000
591433	0.00000
44828	0.00000
3549483	0.00000
404008	0.00000
553961	0.00000
51651	0.00000
9952	0.00000
591413	0.00000
404057	0.00000
60333	0.00000
1119894	0.00000
591397	0.00000
253627	0.00000
677257	0.00000
1041844	0.00000
174875	0.00000
1338351	0.00000
1570056	0.00000
351109	0.00000
4489666	0.00000
573133	0.00000
894253	0.00000
513623	0.00000
261356	0.00000
993481	0.00000
756722	0.00000
579648	0.00000
1135220	0.00000
435172	0.00000
113749	0.00000
9943	0.00000
9948	0.00000
591371	0.00000
711715	0.00000
659587	0.00000
236466	0.00000
614735	0.00000
395747	0.00000
1578468	0.00000
121623	0.00000
4370137	0.00000
1073901	0.00000
192004	0.00000
121603	0.00000
1100038	0.00000
1344799	0.00000
304709	0.00000
721826	0.00000
496458	0.00000
106494	0.00000
1539431	0.00000
564551	0.00000
1120118	0.00000
712174	0.00000
106473	0.00000
9996	0.00000
879010	0.00000
289558	0.00000
1003434	0.00000
25547	0.00000
2541200	0.00000
78851	0.00000
443543	0.00000
343260	0.00000
16802	0.00000
763939	0.00000
280833	0.00000
465583	0.00000
599498	0.00000
51283	0.00000
1058422	0.00000
591777	0.00000
166136	0.00000
114163	0.00000
1322675	0.00000
404444	0.00000
25517	0.00000
1544765	0.00000
4722873	0.00000
932454	0.00000
226507	0.00000
1135559	0.00000
86783	0.00000
10075	0.00000
1919633	0.00000
855889	0.00000
712097	0.00000
78935	0.00000
720846	0.00000
265708	0.00000
482887	0.00000
335593	0.00000
121715	0.00000
10057	0.00000
94349	0.00000
1135597	0.00000
10059	0.00000
94346	0.00000
94345	0.00000
304665	0.00000
94339	0.00000
4476218	0.00000
16663	0.00000
746925	0.00000
395616	0.00000
923857	0.00000
1531809	0.00000
949878	0.00000
192157	0.00000
253944	0.00000
395620	0.00000
894039	0.00000
980988	0.00000
1093433	0.00000
51354	0.00000
1267570	0.00000
4220797	0.00000
106304	0.00000
79013	0.00000
71364	0.00000
265496	0.00000
35917	0.00000
443448	0.00000
94316	0.00000
121741	0.00000
113964	0.00000
86578	0.00000
1430123	0.00000
94288	0.00000
296108	0.00000
2891414	0.00000
1443917	0.00000
121790	0.00000
51367	0.00000
1250190	0.00000
2191937	0.00000
3733617	0.00000
4100712	0.00000
253882	0.00000
79093	0.00000
954647	0.00000
35859	0.00000
553600	0.00000
980912	0.00000
343081	0.00000
140184	0.00000
993786	0.00000
545001	0.00000
513897	0.00000
1267507	0.00000
381696	0.00000
5234853	0.00000
44645	0.00000
35847	0.00000
677014	0.00000
25387	0.00000
545017	0.00000
165985	0.00000
281003	0.00000
60049	0.00000
703368	0.00000
183444	0.00000
79064	0.00000
746948	0.00000
746970	0.00000
1010944	0.00000
434932	0.00000
421820	0.00000
226406	0.00000
1602493	0.00000
44621	0.00000
847907	0.00000
1016300	0.00000
253003	0.00000
591061	0.00000
1352794	0.00000
2774399	0.00000
9223	0.00000
4100576	0.00000
9221	0.00000
5594208	0.00000
962718	0.00000
9241	0.00000
572459	0.00000
773607	0.00000
530383	0.00000
9247	0.00000
9246	0.562335
359180	0.00000
24787	0.00000
265898	0.00000
166810	0.00000
817597	0.00000
626045	0.00000
685364	0.00000
1127982	0.00000
1050443	0.00000
855076	0.00000
9259	0.693147
24815	0.00000
1134728	0.00000
434456	0.00000
1092781	0.00000
420949	0.00000
304504	0.00000
218606	0.00000
840300	0.00000
794414	0.00000
729826	0.00000
591084	0.00000
335235	0.00000
184178	0.00000
44476	0.00000
2818697	0.00000
1383566	0.00000
24817	0.00000
9267	0.00000
685358	0.00000
625946	0.00000
1222817	0.00000
1050413	0.00000
244386	0.00000
2549692	0.00000
191846	0.00000
809857	0.00000
942060	0.00000
24711	0.00000
149130	0.00000
564759	0.00000
24709	0.00000
59648	0.00000
24706	0.00000
24705	0.00000
312251	0.00000
3426619	0.00000
564749	0.00000
381094	0.00000
530313	0.00000
5633994	0.00000
1178391	0.00000
530305	0.00000
273545	0.00000
24720	0.00000
403673	0.00000
52043	0.00000
729776	0.00000
764722	0.00000
2936876	0.00000
894860	0.00000
530354	0.00000
95163	0.00000
1016221	0.00000
156882	0.00000
24767	0.00000
9337	0.00000
24760	0.00000
129585	0.00000
79734	0.00000
590928	0.00000
209902	0.00000
1997903	0.00000
1383479	0.00000
685458	0.00000
9359	0.00000
1016179	0.00000
16947	0.00000
149083	0.00000
36726	0.00000
71164	0.00000
1143389	0.00000
121018	0.00000
59868	0.00000
201111	0.00000
3139043	0.00000
24672	0.00000
980197	0.00000
24675	0.00000
24676	0.00000
24677	0.00000
24678	0.00000
24679	0.00000
1205508	0.00000
9387	0.00000
281299	0.00000
166688	0.00000
86281	0.00000
9394	0.00000
365710	0.00000
24693	0.00000
184312	0.00000
114239	0.00000
660230	0.00000
36702	0.00000
24700	0.00000
71131	0.00000
1205615	0.00000
794571	0.00000
296952	0.00000
1414655	0.00000
156782	0.00000
9410	0.693147
738489	0.00000
191969	0.00000
590873	0.00000
1429811	0.00000
2021354	0.00000
129672	0.00000
129679	0.00000
17003	0.00000
444252	0.00000
9416	0.00000
4515136	0.00000
949534	0.00000
495796	0.00000
289020	0.00000
129697	0.00000
817480	0.00000
590902	0.00000
747259	0.00000
1188238	0.00000
1407735	0.00000
59817	0.00000
121040	0.00000
9457	0.00000
1663876	0.00000
1205599	0.00000
95034	0.00000
1050527	0.00000
1663885	0.00000
1135039	0.00000
253267	0.00000
545291	0.00000
2930678	0.00000
17329	0.00000
781966	0.00000
1513925	0.00000
1187940	0.00000
218305	0.00000
365878	0.00000
79370	0.00000
174304	0.00000
712689	0.00000
121120	0.00000
667865	0.00000
606508	0.00000
4264029	0.00000
1223120	0.00000
649925	0.00000
482361	0.00000
591352	0.00000
157070	0.00000
94948	0.00000
625779	0.00000
1065607	0.00000
9508	0.00000
1293005	0.00000
9567	0.00000
4109019	0.00000
105914	0.00000
235997	0.00000
1178131	0.00000
1085363	0.00000
1143701	0.00000
434277	0.00000
36527	0.00000
343699	0.00000
537853	0.00000
1407829	0.00000
1205459	0.00000
1232691	0.00000
200816	0.00000
9593	0.00000
1015958	0.00000
949426	0.00000
296525	0.00000
1223064	0.00000
1240410	0.00000
1934845	0.00000
296522	0.00000
794233	0.00000
451736	0.00000
1162985	0.00000
51780	0.00000
764479	0.00000
157129	0.00000
1180269	0.00000
24993	0.00000
1407871	0.00000
809567	0.00000
580357	0.00000
941618	0.00000
9626	0.693147
166419	0.00000
848309	0.00000
980441	0.00000
9631	0.00000
1751261	0.00000
1301707	0.00000
4644976	0.00000
702937	0.00000
949325	0.00000
17193	0.00000
17198	0.00000
1919040	0.00000
1154135	0.00000
773195	0.00000
1360717	0.00000
17174	0.00000
17179	0.00000
1399237	0.00000
1492780	0.00000
591208	0.00000
209620	0.00000
1360708	0.00000
4316573	0.00000
1513842	0.00000
44067	0.00000
1050310	0.00000
184043	0.00000
545461	0.00000
720177	0.693147
3718881	0.00000
1919004	0.00000
149278	0.00000
9693	0.00000
253328	0.00000
281532	0.00000
1205355	0.00000
121315	0.00000
9670	0.693147
1399231	0.00000
59523	0.00000
17249	0.00000
36387	0.00000
1128389	0.00000
1011469	0.00000
1128398	0.00000
1399220	0.00000
359125	0.00000
59574	0.00000
2440238	0.00000
3892459	0.00000
24882	0.00000
840635	0.00000
191696	0.00000
9726	0.00000
9724	0.00000
200946	0.00000
9721	0.00000
949308	0.00000
24870	0.00000
9702	0.00000
24868	0.00000
70787	0.00000
24869	0.00000
9698	0.00000
1128423	0.00000
24877	0.00000
9705	0.00000
667701	0.00000
218147	0.00000
842931	0.00000
403017	0.00000
392290	0.00000
487820	0.00000
279694	0.00000
306092	0.00000
19542	1.05492
556953	0.00000
72590	0.00000
556955	0.00000
80364	0.00000
41836	0.00000
905122	0.00000
72582	0.00000
1362969	0.00000
97570	0.636514
10982	0.00000
570088	0.00000
262241	0.00000
912885	0.00000
80345	0.00000
110682	0.00000
4986335	0.00000
50679	0.00000
1237754	0.00000
110672	0.00000
747730	0.00000
59276	0.00000
453432	0.00000
946952	0.00000
403061	0.00000
1019680	0.00000
556977	0.00000
905098	0.00000
1477865	0.00000
10938	0.00000
89884	0.00000
1380875	0.00000
499429	0.00000
972947	0.00000
3358431	0.00000
790975	0.00000
10931	0.00000
409785	0.00000
4834108	0.00000
1307014	0.00000
984780	0.00000
10921	0.00000
1398486	0.00000
3583132	0.00000
288445	0.00000
1042916	0.00000
33093	0.00000
41765	0.00000
33091	0.00000
5300964	0.00000
314725	0.00000
41756	0.00000
149584	0.00000
1354433	0.00000
1486509	0.00000
165143	0.00000
480128	0.00000
262185	0.00000
1198429	0.00000
59342	0.00000
418546	0.00000
402994	0.00000
173931	0.00000
89892	0.00000
877788	0.00000
1128565	0.00000
10866	0.00000
1596514	0.00000
19669	0.00000
10872	0.00000
19673	0.00000
262340	0.00000
90073	0.00000
349982	0.00000
142862	0.00000
227779	0.00000
3105450	0.00000
392439	0.00000
561215	0.00000
50511	0.00000
1077166	0.00000
314773	0.00000
1268376	0.00000
384684	0.00000
418341	0.00000
480068	0.00000
1406024	0.00000
808348	0.00000
1926645	0.00000
1452015	0.00000
103098	0.00000
262372	0.00000
922918	0.00000
1501876	0.00000
984611	0.00000
72481	0.00000
110786	0.00000
384697	0.00000
1328434	0.00000
41928	0.693147
2666623	0.00000
1090253	0.00000
561249	0.00000
2768355	0.00000
297218	0.00000
931644	0.00000
592626	0.00000
870126	0.00000
522449	0.00000
631060	0.636514
142913	0.00000
912644	0.00000
28372	0.00000
4596388	0.00000
984694	0.00000
120378	0.00000
671681	0.00000
128088	0.00000
212342	0.00000
41887	0.00000
19641	0.00000
514708	0.00000
1077188	0.00000
72548	0.00000
174063	0.00000
120362	0.00000
1381041	0.00000
5001666	0.00000
905025	0.00000
966282	0.00000
357653	0.00000
808384	0.00000
1253347	0.00000
981934	0.00000
570320	0.00000
755418	0.00000
5339424	0.00000
4164867	0.00000
763065	0.00000
340025	0.00000
887403	0.00000
297153	0.00000
5045200	0.00000
110970	0.00000
755396	0.00000
825718	0.00000
28467	0.00000
180412	0.00000
28466	0.00000
708877	0.00000
1237977	0.00000
732461	0.00000
4164907	0.00000
648243	0.00000
860599	0.00000
740258	0.00000
28442	0.00000
173617	0.00000
1128919	0.00000
895037	0.00000
1059539	0.00000
1182942	0.00000
128407	0.00000
5384890	0.00000
204508	0.00000
472165	0.00000
134562	0.00000
3280546	0.00000
110888	0.00000
288693	0.00000
1222469	0.00000
1076835	0.00000
103239	0.00000
895053	0.00000
755334	0.00000
799449	0.00000
180418	0.00000
367537	0.00000
3063049	0.00000
1146178	0.00000
103267	0.00000
1547990	0.00000
640530	0.00000
28480	0.00000
570288	0.00000
617973	0.00000
28508	0.00000
3105626	0.00000
180447	0.00000
514818	0.00000
887535	0.00000
394676	0.00000
111076	0.00000
243080	0.00000
709019	0.00000
219822	0.00000
19919	0.00000
1213948	0.00000
19921	0.00000
1306718	0.00000
1191444	0.00000
1050648	0.00000
250672	0.00000
922649	0.00000
1433279	0.00000
1000423	0.00000
41670	0.00000
843021	0.00000
1502142	0.00000
561437	0.00000
1027281	0.00000
1138675	0.00000
250652	0.00000
1000441	0.00000
1493453	0.00000
262629	0.00000
992605	0.00000
816886	0.00000
11102	0.00000
180328	0.00000
1237769	0.00000
630801	0.00000
623221	0.00000
851717	0.00000
28652	0.00000
173765	0.00000
630812	0.00000
1354605	0.00000
479782	0.00000
41649	0.00000
877981	0.00000
922715	0.00000
992572	0.00000
79930	0.00000
41657	0.00000
630796	0.00000
59003	0.00000
1588151	0.00000
58949	0.00000
297019	0.00000
58946	0.00000
1389014	0.00000
11031	0.00000
128338	0.00000
5402295	0.00000
1000381	0.00000
1222640	0.00000
1345826	0.00000
578952	0.00000
262759	0.00000
80850	0.00000
80852	0.00000
791515	0.00000
825947	0.00000
134877	0.00000
763804	0.00000
808714	0.00000
622997	0.00000
631752	0.00000
375456	0.00000
4527431	0.00000
833554	0.00000
102430	0.00000
452877	0.00000
693956	0.00000
1034709	0.00000
80875	0.00000
98088	0.00000
1059310	0.00000
181152	0.00000
686585	0.00000
98083	0.00000
128674	0.00000
410355	0.00000
1129189	0.00000
315233	0.00000
10392	0.00000
931226	0.00000
1536749	0.00000
41246	0.00000
10387	0.00000
1389132	0.00000
878143	0.00000
10385	0.00000
89393	0.00000
591939	0.00000
119981	0.00000
10377	0.693147
27727	0.00000
41218	0.636514
228139	0.00000
305630	0.00000
4802710	0.00000
923616	0.00000
181194	0.00000
1311488	0.00000
732774	0.00000
649034	0.00000
340846	0.00000
89365	0.00000
561894	0.00000
514105	0.00000
384084	0.00000
262675	0.00000
19979	0.00000
825892	0.00000
507536	0.00000
464243	0.00000
701693	0.00000
340872	0.00000
2240056	0.00000
1106966	0.00000
150174	0.00000
1019326	0.00000
808853	0.00000
58654	0.00000
10332	0.00000
600813	0.00000
181015	0.00000
5619486	0.00000
150153	0.00000
297854	0.00000
142380	0.00000
41417	0.00000
965874	0.00000
4291511	0.00000
10353	0.00000
1183612	0.00000
41456	0.00000
10354	0.00000
27836	0.00000
1556303	0.00000
89561	0.00000
913237	0.00000
965887	0.00000
5749587	0.00000
173455	0.00000
671165	0.00000
134766	0.00000
1512624	0.00000
89551	0.00000
119884	0.00000
618014	0.00000
1237061	0.00000
10259	0.00000
732873	0.00000
2207891	0.00000
1137854	0.00000
340928	0.00000
693821	0.00000
1451441	0.00000
640400	0.00000
102639	0.00000
150210	0.00000
150208	0.00000
622948	0.00000
5424763	0.00000
1485828	0.00000
1183540	0.00000
332165	0.00000
1120346	0.00000
20127	0.00000
219637	0.00000
671231	0.00000
128609	0.00000
548667	0.00000
671223	0.00000
366609	0.00000
808452	0.00000
931016	0.00000
188640	0.00000
548575	0.00000
622749	0.00000
71852	0.00000
111424	0.00000
142760	0.00000
538740	0.00000
1451125	0.00000
1107328	0.00000
1307371	0.00000
142769	0.00000
50936	0.00000
203998	0.00000
429698	0.00000
1917980	0.00000
2550310	0.00000
1354120	0.00000
1229724	0.00000
4640380	0.00000
981419	0.00000
270641	0.00000
808480	0.00000
2411547	0.00000
1493878	0.00000
10720	0.00000
479468	0.00000
204017	0.00000
58555	0.00000
701867	0.00000
1926750	0.00000
102764	0.00000
3020014	0.00000
843713	0.00000
40968	0.00000
548508	0.00000
904386	0.00000
212719	0.00000
770175	0.00000
670811	0.00000
1198666	0.00000
80534	0.00000
410498	0.00000
694184	0.00000
111406	0.00000
3503539	0.00000
80553	0.00000
622843	0.00000
763636	0.00000
305403	0.00000
2887854	0.00000
5370597	0.00000
20251	0.00000
678598	0.00000
111414	0.00000
1398222	0.00000
1336493	0.00000
10677	0.693147
618291	0.00000
305177	0.00000
622616	0.00000
946323	0.00000
165599	0.00000
50801	0.00000
4205912	0.00000
4414614	0.00000
701703	0.00000
670904	0.00000
531124	0.00000
1206478	0.00000
50766	0.00000
851267	0.00000
981297	0.00000
58417	0.00000
754756	0.00000
50782	0.00000
165621	0.00000
10616	0.00000
33507	0.00000
4956766	0.00000
1406746	0.00000
41095	0.00000
499033	0.00000
1562778	0.00000
717205	0.00000
50729	0.00000
1398130	0.00000
808647	0.00000
548382	0.00000
1493893	0.00000
41105	0.00000
938672	0.00000
280417	0.00000
331940	0.00000
748292	0.00000
402839	0.00000
1146850	0.00000
3863222	0.00000
770256	0.00000
58477	0.00000
315080	0.00000
3645024	0.00000
288046	0.00000
50710	0.00000
488007	0.00000
10554	0.00000
946431	0.00000
120093	0.00000
41146	0.00000
686117	0.00000
98047	0.00000
1176049	0.00000
18452	0.693147
2526179	0.00000
383563	0.00000
1160499	0.00000
27249	0.00000
96631	0.00000
481184	0.00000
1529518	0.00000
1476841	0.00000
127228	0.00000
1152860	0.00000
241747	0.00000
287421	0.00000
624628	0.00000
481201	0.00000
42793	0.00000
688009	0.00000
896377	0.00000
42769	0.00000
1097905	0.00000
410758	0.00000
104052	0.00000
27231	0.00000
3754377	0.00000
701124	0.00000
287384	0.00000
96583	0.00000
383603	0.00000
868928	0.00000
34155	0.00000
948045	0.00000
111741	0.00000
1175997	0.00000
73628	0.00000
826480	0.00000
103966	0.00000
1511986	0.00000
632274	0.00000
670514	0.00000
119543	0.00000
562304	0.00000
1091160	0.00000
356805	0.00000
1036283	0.00000
624525	0.00000
103997	0.00000
34107	0.00000
2526091	0.00000
2904854	0.00000
888654	0.00000
73637	0.00000
947968	0.00000
1327548	0.00000
164171	0.00000
88941	0.00000
368375	0.00000
792000	0.00000
471418	0.00000
1572159	0.00000
911634	0.00000
341479	0.00000
5680645	0.00000
692236	0.00000
141888	0.00000
164259	0.00000
159360	0.00000
904035	0.00000
133161	0.00000
647633	0.00000
437014	0.00000
608777	0.00000
632104	0.00000
42910	0.00000
133140	0.00000
555878	0.00000
133146	0.00000
5687429	0.00000
251485	0.00000
58192	0.00000
11794	0.00000
861311	0.693147
1259617	0.00000
221120	0.00000
531926	0.00000
11780	0.00000
1404954	0.00000
2612370	0.00000
313850	0.00000
555785	0.00000
251442	0.00000
921877	0.00000
96692	0.00000
1152918	0.00000
2797610	0.00000
791935	0.00000
11883	0.00000
700978	0.00000
27311	0.00000
81250	0.00000
3425053	0.00000
1389702	0.00000
298339	0.00000
555820	0.00000
4343957	0.00000
515778	0.00000
2652450	0.00000
850554	0.00000
11862	0.00000
853595	0.00000
1327405	0.00000
1008776	0.00000
96646	0.00000
11846	0.00000
306975	0.00000
11844	0.00000
58119	0.00000
586582	0.00000
555730	0.00000
3467577	0.00000
104266	0.00000
647259	0.00000
463482	0.00000
547001	0.00000
624352	0.00000
5637228	0.00000
42552	0.00000
58105	0.00000
12164	0.00000
771704	0.00000
815659	0.00000
754358	0.00000
12174	0.00000
12171	0.00000
2815240	0.00000
49332	0.693147
723754	0.00000
903895	0.00000
368605	0.00000
96295	0.00000
1026156	0.00000
190172	0.00000
1327241	0.00000
33813	0.00000
81137	0.00000
791805	0.00000
2595238	0.00000
1259923	0.00000
718687	0.00000
119777	0.00000
104226	0.00000
1604537	0.00000
4266667	0.00000
278962	0.00000
4398811	0.00000
3409517	0.00000
1129771	0.00000
348754	0.00000
104399	0.00000
1450652	0.00000
42660	0.00000
57952	0.00000
42659	0.00000
876942	0.00000
251767	0.00000
18847	0.00000
1152729	0.00000
3808131	0.00000
1520001	0.00000
480797	0.00000
670418	0.00000
42636	0.00000
1175628	0.00000
5773790	0.00000
3444538	0.00000
376128	0.00000
1604461	0.00000
104442	0.00000
1199315	0.00000
306756	0.00000
679011	0.00000
104446	0.00000
34041	0.00000
593868	0.00000
3273297	0.00000
1129750	0.00000
104437	0.00000
73227	0.00000
220841	0.00000
1459318	0.00000
1212904	0.00000
12133	0.00000
1736551	0.00000
12153	0.00000
57917	0.00000
142098	0.00000
1432192	0.00000
555532	0.00000
436805	0.00000
150972	0.00000
1389992	0.00000
12150	0.00000
259420	0.00000
3502932	0.00000
1067241	0.00000
965580	0.00000
333554	0.00000
921641	0.00000
991565	0.00000
383930	0.00000
2489305	0.00000
306688	0.00000
571240	0.00000
731530	0.00000
142136	0.00000
2454090	0.00000
259454	0.00000
749197	0.00000
298927	0.00000
271437	0.00000
73212	0.00000
1431911	0.00000
861941	0.00000
298912	0.00000
826900	0.00000
749191	0.00000
2049312	0.00000
1160961	0.00000
639262	0.00000
1425364	0.00000
314229	0.00000
50095	0.00000
896865	0.00000
1537738	0.00000
50075	0.00000
446250	0.00000
348639	0.00000
3514266	0.00000
42276	0.00000
436634	0.00000
1238144	0.00000
601696	0.00000
826975	0.00000
279213	0.00000
81874	0.00000
103478	0.00000
97047	0.00000
1467822	0.00000
3925059	0.00000
453935	0.00000
182159	0.00000
189935	0.00000
158820	0.00000
50154	0.00000
662344	0.00000
1238235	0.00000
57778	0.00000
3999742	0.00000
11507	0.00000
418950	0.00000
11513	0.00000
203248	0.00000
834577	0.00000
1044389	0.00000
930273	0.00000
903595	0.00000
127655	0.00000
42348	0.00000
497855	0.00000
341954	0.00000
515203	0.00000
367663	0.00000
1044311	0.00000
480518	0.00000
141432	0.693147
1354832	0.00000
34796	0.00000
762708	0.00000
42369	0.00000
957153	0.00000
1075654	0.00000
286750	0.00000
49946	0.00000
982141	0.00000
164789	0.00000
393957	0.00000
815512	0.00000
723081	0.00000
182136	0.00000
127602	0.00000
1588379	0.00000
1106031	0.00000
49921	0.00000
229263	0.00000
49927	0.00000
133675	0.00000
3925191	0.00000
103609	0.00000
555305	0.00000
1502371	0.00000
1251395	0.00000
34724	0.00000
1370335	0.00000
585904	0.00000
1268873	0.00000
632694	0.00000
718047	0.00000
1511597	0.00000
1121305	0.00000
11383	0.00000
164839	0.00000
1268898	0.00000
1035594	0.00000
242319	0.00000
229325	0.00000
34690	0.00000
463280	0.00000
1238092	0.00000
753850	0.00000
251343	0.00000
251329	0.00000
189606	0.00000
341578	0.00000
1687816	0.00000
718081	0.00000
480439	0.00000
4085004	0.00000
1511803	0.00000
11688	0.00000
57581	0.00000
88085	0.00000
251386	0.00000
96880	0.00000
827196	0.00000
563174	0.00000
929969	0.00000
211664	0.00000
34398	0.00000
623766	0.00000
1075215	0.00000
771126	0.00000
2729214	0.00000
287184	0.00000
896549	0.00000
11720	0.00000
1052329	0.00000
88179	0.00000
81621	0.00000
453674	0.00000
11743	0.00000
298721	0.00000
306305	0.00000
321601	0.00000
11750	0.00000
11747	0.00000
11746	0.00000
11744	0.00000
887906	0.00000
1067593	0.00000
112493	0.00000
11765	0.693147
72853	0.00000
11761	0.00000
313860	0.00000
877392	0.00000
1555151	0.00000
762533	0.00000
1052314	0.00000
233857	0.00000
662196	0.00000
49704	0.00000
687122	0.00000
88232	0.00000
11524	0.00000
1182219	0.00000
42117	0.00000
4292293	0.00000
1355075	0.00000
1442508	0.00000
286977	0.00000
127839	0.00000
279397	0.00000
1650344	0.00000
1000882	0.00000
4843234	0.00000
72819	0.00000
1044053	0.00000
81425	0.00000
563013	0.00000
4444518	0.00000
5213390	0.00000
34509	0.00000
88203	0.00000
164515	0.00000
1572562	0.00000
1485079	0.00000
1189964	0.00000
5455690	0.00000
692996	0.00000
259863	0.00000
815255	0.00000
57470	0.00000
601985	0.00000
97009	0.00000
211548	0.00000
19438	0.00000
19432	0.00000
740671	0.00000
27036	0.00000
842515	0.00000
807580	0.00000
647841	0.00000
34484	0.00000
2784846	0.00000
88311	0.00000
593286	0.00000
2713882	0.00000
81517	0.00000
5637816	0.00000
5393066	0.00000
141580	0.636514
5098548	0.00000
1996223	0.00000
687214	0.00000
771209	0.00000
868799	0.00000
378796	0.00000
455334	0.00000
136541	0.00000
1014167	0.00000
784589	0.00000
47830	0.00000
1087932	0.00000
22014	0.00000
13121	0.00000
361340	0.00000
13120	0.00000
568176	0.00000
108999	0.00000
13124	0.00000
1365437	0.00000
286000	0.00000
109005	0.00000
819648	0.00000
205863	0.00000
109001	0.00000
109002	0.00000
330481	0.00000
378767	0.00000
378763	0.00000
1105239	0.00000
619789	0.00000
501067	0.00000
967001	0.00000
126265	0.00000
109030	0.00000
559414	0.00000
1247086	0.00000
1078948	0.00000
797186	0.00000
378769	0.00000
1029269	0.00000
13078	0.00000
1599334	0.00000
205947	0.00000
2284126	0.00000
493388	0.00000
1519022	0.00000
66171	0.00000
1581998	0.00000
316642	0.00000
1289457	0.00000
73759	0.00000
1014233	0.00000
299070	0.00000
1014213	0.00000
4373226	0.00000
836938	0.00000
66152	0.00000
776944	0.00000
734697	0.00000
814745	0.00000
66134	0.00000
814744	0.00000
73783	0.00000
2039378	0.00000
13118	0.00000
1599308	0.00000
108991	0.00000
13115	0.00000
13112	0.00000
108988	0.00000
195095	0.00000
65147	0.00000
671812	0.00000
316637	0.00000
1379226	0.00000
13101	0.693147
198182	0.00000
493434	0.00000
1052745	0.00000
1070207	0.00000
859088	0.00000
1096540	0.00000
1087795	0.00000
700300	0.00000
21875	0.00000
171097	0.00000
1200128	0.00000
101161	0.00000
501233	0.00000
56548	0.00000
30522	0.00000
3554381	0.00000
347777	0.00000
761541	0.00000
797341	0.00000
386408	0.00000
576870	0.00000
47721	0.00000
3033678	0.00000
3600667	0.00000
361427	0.00000
1495416	0.00000
859106	0.00000
160577	0.00000
691667	0.00000
13287	0.00000
446577	0.00000
83514	0.00000
671969	0.00000
241008	0.00000
439982	0.00000
602403	0.00000
3730528	0.00000
1208864	0.00000
39020	0.00000
1247108	0.00000
819457	0.00000
788610	0.00000
66285	0.00000
3340712	0.00000
1396731	0.00000
1386846	0.00000
151887	0.00000
845737	0.00000
1511276	0.00000
13246	0.00000
3493318	0.00000
1200251	0.00000
5597615	0.00000
516419	0.00000
233274	0.00000
171069	0.00000
559586	0.00000
960302	0.00000
680633	0.00000
889385	0.00000
355514	0.00000
171052	0.00000
171055	0.00000
594576	0.00000
355668	0.00000
74062	0.00000
691313	0.00000
5222857	0.00000
1113616	0.00000
83956	0.00000
680770	0.00000
1228418	0.00000
56652	0.00000
806329	0.00000
1458118	0.00000
256094	0.00000
585348	0.00000
637261	0.00000
240784	0.00000
585352	0.00000
1458122	0.00000
951521	0.00000
920929	0.00000
1977866	0.00000
734420	0.00000
1297218	0.00000
715412	0.00000
889758	0.00000
5475231	0.00000
1464581	0.00000
101108	0.00000
316900	0.00000
1219731	0.00000
1219753	0.00000
1079271	0.00000
30432	0.00000
700018	0.00000
21643	0.00000
761611	0.00000
1334594	0.00000
330613	0.00000
585276	0.00000
56814	0.00000
66475	0.00000
691455	0.00000
672185	0.00000
12997	0.00000
240688	0.00000
4060918	0.00000
691431	0.00000
248471	0.00000
814966	0.00000
819285	0.00000
691427	0.00000
316719	0.00000
1122543	0.00000
585243	0.00000
998633	0.00000
858853	0.00000
715389	0.00000
118466	0.00000
1262130	0.00000
316673	0.00000
5201496	0.00000
308138	0.00000
240666	0.00000
440260	0.00000
542179	0.00000
827929	0.00000
672138	0.00000
1572959	0.00000
734292	0.00000
12936	0.00000
828002	0.00000
1219592	0.00000
637367	0.00000
542094	0.00000
180081	0.00000
12954	0.00000
424687	0.00000
294543	0.00000
316782	0.00000
897401	0.00000
585313	0.00000
966839	0.00000
585310	0.00000
12968	0.00000
2754326	0.00000
65511	0.00000
665466	0.00000
2796794	0.00000
1343399	0.00000
1317120	0.00000
233008	0.00000
4082206	0.00000
3562414	0.00000
431649	0.00000
447200	0.00000
1549891	0.00000
39571	0.00000
30138	0.00000
56903	0.00000
577520	0.00000
22479	0.00000
30124	0.00000
355957	0.00000
1519579	0.00000
39605	0.00000
126738	0.00000
248090	0.00000
1149113	0.00000
338567	0.00000
999256	0.00000
144694	0.00000
118142	0.00000
100770	0.00000
785118	0.00000
776376	0.00000
680030	0.00000
789067	0.00000
858445	0.00000
664723	0.00000
347190	0.00000
646367	0.00000
1472574	0.00000
338664	0.00000
256798	0.00000
672328	0.00000
447151	0.00000
369505	0.693147
928805	0.00000
39621	0.00000
136998	0.00000
56842	0.00000
64622	0.00000
194622	0.00000
517091	0.00000
206457	0.00000
952305	0.00000
39669	0.00000
888982	0.00000
1021180	0.00000
194606	0.00000
160174	0.00000
2277102	0.00000
585207	0.00000
56870	0.00000
136971	0.00000
1356124	0.00000
1356119	0.00000
232837	0.00000
1228258	0.00000
160082	0.00000
39454	0.00000
241429	0.00000
837554	0.00000
160085	0.00000
1020950	0.00000
160090	0.00000
4727875	0.00000
1166545	0.00000
39440	0.00000
57036	0.00000
837542	0.00000
646264	0.00000
39438	0.00000
39433	0.00000
1255299	0.00000
12773	0.00000
1457238	0.00000
347292	0.00000
386941	0.00000
39482	0.00000
329829	0.00000
5730209	0.00000
329838	0.00000
74454	0.00000
1387277	0.00000
1510686	0.00000
1157699	0.00000
454710	0.00000
74436	0.00000
248203	0.00000
22370	0.00000
431854	0.00000
726274	0.00000
1519375	0.00000
654920	0.00000
664686	0.00000
567686	0.00000
524922	0.00000
1114572	0.00000
1426518	0.00000
39503	0.00000
858530	0.00000
944230	0.00000
369660	0.00000
269081	0.00000
5535878	0.00000
1208371	0.00000
22334	0.00000
837599	0.00000
12694	0.00000
1053431	0.00000
187075	0.00000
1208353	0.00000
867297	0.00000
769752	0.00000
680095	0.00000
5604538	0.00000
91717	0.00000
4910361	0.00000
837582	0.00000
594258	0.00000
317052	0.00000
159948	0.00000
1005760	0.00000
486175	0.00000
1014443	0.00000
47593	0.693147
1886015	0.00000
144410	0.00000
83409	0.00000
117843	0.00000
29872	0.00000
39825	0.00000
1261750	0.00000
1457608	0.00000
206612	0.00000
657349	0.00000
1404519	0.00000
680292	0.00000
100515	0.00000
299903	0.00000
12354	0.00000
222186	0.00000
83430	0.00000
1014412	0.00000
1122889	0.00000
1573533	0.00000
1158095	0.00000
1246272	0.00000
1348205	0.00000
247832	0.00000
921397	0.00000
378029	0.00000
1365674	0.00000
492558	0.00000
12376	0.00000
159884	0.00000
501266	0.00000
1254984	0.00000
967169	0.00000
462330	0.00000
47528	0.00000
998956	0.00000
144450	0.00000
22163	0.00000
29938	0.00000
136767	0.00000
12343	0.00000
12345	0.00000
2242130	0.00000
12348	0.00000
12349	0.00000
1078721	0.00000
3501081	0.00000
22191	0.00000
5139922	0.00000
501286	0.00000
2544000	0.00000
4813414	0.00000
1541445	0.00000
501291	0.00000
144503	0.00000
3453505	0.00000
74520	0.00000
12318	0.00000
1355847	0.00000
12525	0.00000
1519197	0.00000
3297569	0.00000
3453616	0.00000
64931	0.00000
1387042	0.00000
462126	0.00000
400941	0.00000
1480367	0.00000
39703	0.00000
611552	0.00000
1243352	0.00000
12535	0.00000
1243360	0.00000
655161	0.00000
1541531	0.00000
12488	0.00000
171846	0.00000
691961	0.00000
47425	0.00000
3555177	0.00000
12505	0.636514
300003	0.693147
602655	0.00000
2069579	0.00000
136864	0.00000
57230	0.00000
455000	0.00000
424154	0.00000
1503319	0.00000
324921	0.00000
401008	0.00000
12473	0.00000
1175549	0.00000
5183702	0.00000
1418220	0.00000
929207	0.00000
1465248	0.00000
584825	0.00000
455037	0.00000
74639	0.00000
91978	0.00000
1261642	0.00000
1565539	0.00000
797180	0.00000
196147	0.00000
1028252	0.00000
269733	0.00000
844597	0.00000
48795	0.00000
55352	0.00000
813759	0.00000
40181	0.00000
14096	0.00000
90325	0.00000
976714	0.00000
456445	0.00000
324241	0.00000
1210022	0.00000
82594	0.00000
4991592	0.00000
354328	0.00000
82593	0.00000
90305	0.00000
525550	0.00000
5247065	0.00000
110014	0.00000
630381	0.00000
959422	0.00000
55323	0.00000
3756066	0.00000
1112951	0.00000
14128	0.00000
64114	0.00000
3507218	0.00000
29675	0.00000
331417	0.00000
4242143	0.00000
1007611	0.00000
408557	0.00000
269800	0.00000
708014	0.00000
20979	0.00000
152991	0.00000
859996	0.00000
178874	0.00000
20980	0.00000
469221	0.00000
997710	0.00000
240038	0.00000
5464556	0.00000
269820	0.00000
240045	0.00000
14151	0.00000
928383	0.00000
324322	0.00000
461486	0.00000
1150617	0.00000
997744	0.00000
760395	0.00000
67093	0.00000
300107	0.00000
1253661	0.00000
1318092	0.00000
197216	0.00000
293747	0.00000
469210	0.00000
64047	0.00000
161729	0.00000
1165891	0.00000
997783	0.00000
898169	0.00000
14228	0.00000
55477	0.00000
743405	0.00000
3166770	0.00000
67316	0.00000
1317931	0.00000
20773	0.00000
1037989	0.00000
500151	0.00000
257455	0.00000
20769	0.00000
500147	0.00000
20771	0.00000
777851	0.00000
48655	0.00000
500158	0.00000
1487801	0.00000
3570942	0.00000
20757	0.00000
408327	0.00000
5139058	0.00000
197305	0.00000
187644	0.00000
430309	0.00000
20753	0.00000
820532	0.00000
3316530	0.00000
205014	0.00000
109886	0.00000
1015160	0.00000
2328882	0.00000
14244	0.00000
14242	0.00000
1192655	0.00000
1015136	0.00000
3879542	0.00000
315478	0.00000
1373003	0.00000
385353	0.00000
152856	0.00000
117747	0.00000
725869	0.00000
4532225	0.00000
1510156	0.00000
1403328	0.00000
681693	0.00000
300282	0.00000
844777	0.00000
883051	0.00000
1245161	0.00000
39983	0.00000
300232	0.00000
187580	0.00000
1020432	0.00000
4104307	0.00000
751073	0.00000
997882	0.00000
4594988	0.00000
928486	0.00000
681726	0.00000
549522	0.00000
3423295	0.00000
55500	0.00000
82857	0.00000
707827	0.00000
346997	0.00000
2390033	0.00000
509591	0.00000
13830	0.00000
347002	0.00000
82850	0.00000
82853	0.00000
976452	0.00000
509586	0.00000
64320	0.00000
161459	0.00000
82872	0.00000
1069498	0.00000
829183	0.00000
40439	0.00000
946134	0.00000
196413	0.00000
469407	0.00000
29423	0.00000
109739	0.00000
560250	0.00000
346965	0.00000
249453	0.00000
630640	0.00000
13860	0.00000
989764	0.00000
499731	0.00000
408202	0.00000
1517708	0.00000
90620	0.00000
813981	0.00000
875257	0.00000
646050	0.00000
1103892	0.00000
109749	0.00000
610855	0.00000
13875	0.00000
4121862	0.00000
3523005	0.00000
1387672	0.00000
124930	0.00000
29316	0.00000
67363	0.00000
549674	0.00000
3377621	0.00000
232157	0.00000
584359	0.00000
408285	0.00000
64297	0.00000
161479	0.00000
541040	0.00000
309050	0.00000
447985	0.00000
197492	0.00000
618499	0.00000
1123441	0.00000
469445	0.00000
890633	0.00000
109569	0.00000
950385	0.00000
789913	0.00000
55741	0.00000
584300	0.00000
3351244	0.00000
249578	0.00000
778075	0.00000
90475	0.00000
1253572	0.00000
541112	0.00000
90480	0.00000
1589414	0.00000
447787	0.00000
197557	0.00000
249585	0.00000
14008	0.00000
55705	0.00000
257171	0.00000
408182	0.00000
101920	0.00000
269427	0.00000
82798	0.00000
101928	0.00000
293588	0.00000
1395373	0.00000
362223	0.00000
67507	0.00000
655715	0.00000
205238	0.00000
293625	0.00000
14051	0.00000
40198	0.00000
1115777	0.00000
347031	0.00000
101903	0.00000
517147	0.00000
750837	0.00000
29231	0.00000
170336	0.00000
20563	0.00000
144030	0.00000
906169	0.00000
707594	0.00000
101906	0.00000
928765	0.00000
278051	0.00000
101913	0.00000
733222	0.00000
20574	0.00000
1434278	0.00000
1694123	0.00000
5193528	0.00000
308324	0.00000
1574893	0.00000
1487109	0.00000
898781	0.00000
240606	0.00000
1496995	0.00000
610621	0.00000
3801495	0.00000
491897	0.00000
323762	0.00000
584158	0.00000
196649	0.00000
90853	0.00000
518097	0.00000
249192	0.00000
859433	0.00000
751423	0.00000
48284	0.00000
1333864	0.00000
354838	0.00000
55850	0.00000
196616	0.00000
316158	0.00000
196727	0.00000
370471	0.00000
408012	0.00000
136052	0.00000
354918	0.00000
90814	0.00000
40593	0.00000
836408	0.00000
584067	0.00000
29098	0.00000
576507	0.00000
681077	0.00000
40587	0.00000
1184362	0.00000
13666	0.00000
638549	0.00000
681024	0.00000
143666	0.00000
478281	0.00000
1209598	0.00000
1046034	0.00000
1089457	0.00000
525981	0.00000
790086	0.00000
1403728	0.00000
1112330	0.00000
196675	0.00000
257888	0.00000
509402	0.00000
205356	0.00000
75333	0.00000
161054	0.00000
561121	0.00000
81936	0.00000
751533	0.00000
323617	0.00000
797905	0.00000
63743	0.00000
584014	0.00000
998312	0.00000
4065743	0.00000
277876	0.00000
1139562	0.00000
257976	0.00000
1209401	0.00000
1410212	0.00000
968614	0.00000
1496853	0.00000
3454939	0.00000
13700	0.00000
21285	0.00000
101740	0.00000
584062	0.00000
836541	0.00000
595233	0.00000
836543	0.00000
196862	0.00000
285576	0.00000
339493	0.00000
125885	0.00000
2391037	0.00000
90658	0.00000
407898	0.00000
277815	0.00000
90642	0.00000
90640	0.00000
417732	0.00000
90647	0.00000
90644	0.00000
28956	0.00000
56063	0.00000
161142	0.00000
293315	0.00000
583976	0.00000
110401	0.00000
460822	0.00000
153357	0.00000
249227	0.00000
90635	0.00000
1518462	0.00000
13774	0.00000
195814	0.00000
90639	0.00000
3974690	0.00000
90636	0.00000
75567	0.00000
2865520	0.00000
725136	0.00000
619098	0.00000
905569	0.00000
1466165	0.00000
63842	0.00000
2932844	0.00000
48549	0.00000
1015547	0.00000
487243	0.00000
517833	0.00000
48569	0.00000
768869	0.00000
843796	0.00000
914195	0.00000
125556	0.00000
13361	0.00000
5499686	0.00000
619134	0.00000
583932	0.00000
1219202	0.00000
196873	0.00000
890254	0.00000
760120	0.00000
56103	0.00000
469943	0.00000
13339	0.00000
48538	0.00000
690720	0.00000
195890	0.00000
461251	0.00000
21175	0.00000
269998	0.00000
223167	0.00000
248871	0.00000
805792	0.00000
48617	0.00000
407763	0.00000
40835	0.00000
4389193	0.00000
248875	0.00000
654217	0.00000
135795	0.00000
5581474	0.00000
1209814	0.00000
248883	0.00000
75632	0.00000
28855	0.00000
75638	0.00000
13424	0.00000
110326	0.00000
385775	0.00000
820984	0.00000
1174283	0.00000
101550	0.00000
21224	0.00000
690806	0.00000
63754	0.00000
1456624	0.00000
1096916	0.00000
2241081	0.00000
285229	0.00000
1202073	0.00000
769019	0.00000
3315759	0.00000
1262703	0.00000
1046506	0.00000
681393	0.00000
533790	0.00000
160770	0.00000
1496613	0.00000
1124018	0.00000
75698	0.00000
170811	0.00000
5001078	0.00000
1349255	0.00000
3562921	0.00000
40803	0.00000
654193	0.00000
56232	0.00000
285425	0.00000
645400	0.00000
231428	0.00000
654201	0.00000
90960	0.00000
549353	0.00000
594995	0.00000
75750	0.00000
630196	0.00000
874541	0.00000
928230	0.00000
491699	0.00000
2241153	0.00000
361685	0.00000
603742	0.00000
681460	0.00000
1535619	0.00000
3575972	0.00000
431012	0.00000
1349319	0.00000
1388067	0.00000
323942	0.00000
13566	0.00000
1236662	0.00000
75714	0.00000
1130600	0.00000
1388048	0.00000
1518207	0.00000
21100	0.00000
790467	0.00000
905604	0.00000
75729	0.00000
370317	0.00000
630155	0.00000
604540	0.00000
335893	0.00000
891456	0.00000
682712	0.00000
407409	0.00000
3299851	0.00000
106840	0.00000
99124	0.00000
1147444	0.00000
942609	0.00000
353483	0.00000
774703	0.00000
2565721	0.00000
518418	0.00000
704796	0.00000
566229	0.00000
1172643	0.00000
1377113	0.00000
76001	0.00000
774656	0.00000
309925	0.00000
442052	0.00000
63182	0.00000
275285	0.00000
99178	0.00000
284145	0.00000
713494	0.00000
604477	0.00000
184517	0.00000
704890	0.00000
2259242	0.00000
238952	0.00000
208105	0.00000
238964	0.00000
583527	0.00000
552676	0.00000
821535	0.00000
15255	0.00000
583517	0.00000
215655	0.00000
689555	0.00000
238913	0.00000
916613	0.00000
36938	0.00000
54404	0.00000
557556	0.00000
475823	0.00000
510755	0.00000
208091	0.00000
15169	0.00000
106950	0.00000
821704	0.00000
24034	0.00000
215689	0.00000
566135	0.00000
908811	0.00000
266750	0.00000
45774	0.00000
45772	0.00000
99243	0.00000
566141	0.00000
37045	0.00000
604652	0.00000
353348	0.00000
621868	0.00000
1063523	0.00000
223433	0.00000
85703	0.00000
627249	0.00000
713717	0.00000
422687	0.00000
838948	0.00000
5957274	0.00000
407476	0.00000
782491	0.00000
767067	0.00000
705011	0.00000
413976	0.00000
37103	0.00000
388499	0.00000
275414	0.00000
75790	0.00000
916516	0.00000
1054837	0.00000
407456	0.00000
1023733	0.00000
3950557	0.00000
942805	0.00000
552556	0.00000
254222	0.00000
1226696	0.00000
1349916	0.00000
5472936	0.00000
138543	0.00000
3499839	0.00000
75812	0.00000
147277	0.00000
45739	0.00000
689421	0.00000
138548	0.00000
85885	0.00000
674212	0.00000
1544079	0.00000
751824	0.00000
93455	0.00000
804096	0.00000
1508881	0.00000
266364	0.00000
457487	0.00000
85855	0.00000
98846	0.00000
565966	0.00000
138480	0.00000
292590	0.00000
32297	0.00000
98831	0.00000
162375	0.00000
4852051	0.00000
2399142	0.00000
596553	0.00000
98936	0.00000
1490602	0.00000
812848	0.00000
652652	0.00000
704623	0.00000
544158	0.00000
502972	0.00000
422652	0.00000
1141824	0.00000
370906	0.00000
98918	0.00000
658691	0.00000
98907	0.00000
652609	0.693147
138427	0.00000
457536	0.00000
23570	0.00000
106550	0.00000
106537	0.00000
310263	0.00000
328467	0.00000
98890	0.00000
346071	0.00000
2243781	0.00000
193417	0.00000
230953	0.00000
363165	0.00000
1211150	0.00000
604385	0.00000
2600550	0.00000
14938	0.00000
106717	0.00000
1081246	0.00000
583343	0.00000
63235	0.00000
162536	0.00000
370710	0.00000
942991	0.00000
1375953	0.00000
85993	0.00000
98966	0.00000
208157	0.00000
689221	0.00000
962299	0.00000
46077	0.00000
535504	0.00000
604371	0.00000
1054981	0.00000
63273	0.00000
345876	0.00000
37262	0.00000
1411882	0.00000
93652	0.00000
943062	0.00000
23741	0.00000
3703629	0.00000
526797	0.00000
14872	0.00000
502839	0.00000
1567221	0.00000
502847	0.00000
85930	0.00000
169347	0.00000
804291	0.00000
99024	0.00000
275181	0.00000
99026	0.00000
99029	0.00000
32499	0.00000
99033	0.00000
46013	0.00000
3109630	0.00000
370786	0.00000
1509099	0.00000
14886	0.00000
1232995	0.00000
3338242	0.00000
689174	0.00000
99021	0.00000
398588	0.00000
934287	0.00000
1133888	0.00000
24386	0.00000
644203	0.00000
76538	0.00000
575336	0.00000
1263933	0.00000
954155	0.00000
85096	0.00000
1116589	0.00000
1508630	0.00000
45124	0.00000
55033	0.00000
441568	0.00000
62612	0.00000
557954	0.00000
371703	0.00000
456796	0.00000
558076	0.00000
1303172	0.00000
45089	0.00000
774214	0.00000
1023069	0.00000
743882	0.00000
185082	0.00000
743922	0.00000
794850	0.00000
1482715	0.00000
162091	0.00000
1116669	0.00000
1218323	0.00000
1823076	0.00000
76439	0.00000
371660	0.00000
899708	0.00000
804443	0.00000
1552036	0.00000
4900718	0.00000
85040	0.00000
1241528	0.00000
62501	0.00000
456848	0.00000
1202857	0.00000
76387	0.00000
327900	0.00000
1023105	0.00000
743700	0.00000
4317999	0.00000
1003976	0.00000
934611	0.00000
85205	0.00000
1155831	0.00000
5273787	0.00000
177299	0.00000
626729	0.00000
626728	0.00000
353892	0.00000
1241428	0.00000
301632	0.00000
98717	0.00000
309283	0.00000
1062981	0.00000
847212	0.00000
32128	0.00000
230858	0.00000
713169	0.00000
4332359	0.00000
596382	0.00000
456893	0.00000
1202842	0.00000
713161	0.00000
98743	0.00000
274827	0.00000
24573	0.00000
1315559	0.00000
37563	0.00000
32154	0.00000
1012706	0.00000
139048	0.00000
14634	0.500402
76335	0.00000
494969	0.00000
32233	0.00000
192513	0.00000
254725	0.00000
1279140	0.00000
1376651	0.00000
45241	0.00000
565515	0.00000
54811	0.00000
503565	0.00000
934552	0.00000
230793	0.00000
449172	0.00000
54823	0.00000
67680	0.00000
475162	0.00000
1031817	0.00000
3464689	0.00000
1948640	0.00000
544286	0.00000
254776	0.00000
14608	0.00000
154588	0.00000
681993	0.00000
596419	0.00000
388999	0.00000
1402627	0.00000
627113	0.00000
215349	0.00000
215345	0.00000
783202	0.00000
787452	0.00000
635842	0.00000
4332287	0.00000
1505281	0.00000
783209	0.00000
309675	0.00000
98313	0.00000
787429	0.00000
45420	0.00000
4644730	0.00000
1080618	0.00000
434056	0.00000
682435	0.00000
5498865	0.00000
68028	0.00000
595975	0.00000
302069	0.00000
1155913	0.00000
62859	0.00000
388693	0.00000
1047430	0.00000
327942	0.00000
31868	0.00000
759180	0.00000
919505	0.00000
821799	0.00000
846980	0.00000
3812988	0.00000
354235	0.00000
55172	0.00000
705112	0.00000
45336	0.00000
37753	0.00000
891156	0.00000
85306	0.00000
76698	0.00000
1552295	0.00000
783117	0.00000
371415	0.00000
544666	0.00000
544664	0.00000
1447772	0.00000
812326	0.00000
1195490	0.00000
14470	0.693147
14468	0.00000
627152	0.00000
804795	0.00000
274603	0.00000
5112600	0.00000
1482293	0.00000
185125	0.00000
856164	0.00000
107218	0.00000
85491	0.00000
1393710	0.00000
954047	0.00000
1357826	0.00000
2416063	0.00000
2112069	0.00000
1600564	0.00000
934884	0.00000
3213861	0.00000
759158	0.00000
31887	0.00000
31884	0.00000
115821	0.00000
146468	0.00000
208728	0.00000
544549	0.00000
1600583	0.00000
1272466	0.00000
1156031	0.00000
917264	0.00000
774597	0.00000
301829	0.00000
2160483	0.00000
177613	0.00000
544568	0.00000
154340	0.00000
917255	0.00000
215526	0.00000
37879	0.00000
215519	0.00000
55099	0.00000
94169	0.00000
934842	0.00000
24252	0.00000
1012416	0.00000
575121	0.00000
1303341	0.00000
682265	0.00000
534964	0.00000
1225957	0.00000
327056	0.00000
14348	0.00000
846886	0.00000
100195	0.00000
2740241	0.00000
3968516	0.00000
22831	0.636514
582525	0.00000
310995	0.00000
1374994	0.00000
811552	0.00000
167940	0.00000
92243	0.00000
326155	0.00000
22833	0.636514
558543	0.00000
1385793	0.00000
846771	0.00000
146420	0.00000
1225589	0.00000
873320	0.00000
22789	0.00000
1567829	0.00000
449590	0.00000
397685	0.00000
1446010	0.00000
1102223	0.00000
247779	0.00000
84500	0.00000
4348278	0.00000
714528	0.00000
970141	0.00000
146391	0.00000
37977	0.00000
1030203	0.00000
988066	0.00000
1185999	0.00000
146346	0.00000
46661	0.00000
657524	0.00000
352471	0.00000
432285	0.00000
892506	0.00000
1005433	0.00000
620971	0.00000
1463498	0.00000
1286153	0.00000
527414	0.00000
3509467	0.00000
1171628	0.00000
176668	0.00000
511842	0.00000
163676	0.00000
4530218	0.00000
199420	0.00000
657478	0.00000
467019	0.00000
3375221	0.00000
31549	0.00000
372049	0.00000
783511	0.00000
449686	0.00000
2001125	0.00000
397783	0.00000
605621	0.00000
62046	0.00000
337093	0.00000
1148618	0.00000
176835	0.00000
31722	0.00000
16170	0.00000
163716	0.00000
84623	0.00000
2009765	0.00000
666338	0.00000
76856	0.00000
1163802	0.00000
123256	0.00000
822705	0.00000
4798857	0.00000
1401133	0.00000
1550457	0.00000
458423	0.00000
636021	0.00000
970085	0.00000
1401178	0.00000
1022649	0.00000
107997	0.00000
46811	0.00000
857941	0.00000
1171486	0.00000
745255	0.00000
84727	0.00000
387533	0.00000
3371003	0.00000
1428116	0.00000
1393425	0.00000
1039940	0.00000
643818	0.00000
1185906	0.00000
53329	0.00000
344591	0.00000
92343	0.00000
697134	0.00000
657608	0.00000
636321	0.00000
229917	0.00000
811834	0.00000
1117941	0.00000
952437	0.00000
77209	0.00000
364194	0.00000
31324	0.00000
46873	0.00000
199570	0.00000
3976559	0.00000
628695	0.00000
745211	0.00000
714283	0.00000
484806	0.00000
811806	0.00000
628706	0.00000
276078	0.00000
317770	0.00000
31347	0.00000
46909	0.00000
154742	0.00000
892712	0.00000
1515542	0.00000
1533141	0.00000
1225292	0.00000
77221	0.00000
917960	0.00000
543161	0.00000
229922	0.00000
441316	0.00000
16081	0.00000
803091	0.00000
766336	0.00000
62362	0.00000
943872	0.00000
163431	0.00000
397338	0.00000
846565	0.00000
2304932	0.00000
1005138	0.00000
16113	0.00000
107632	0.00000
276015	0.00000
99869	0.00000
84828	0.00000
811843	0.00000
122970	0.00000
705762	0.00000
337348	0.00000
1525257	0.00000
237822	0.00000
84912	0.00000
628545	0.00000
1030542	0.00000
46989	0.00000
224684	0.00000
837710	0.00000
944070	0.00000
727736	0.00000
1012929	0.00000
291352	0.00000
1012930	0.00000
47039	0.00000
735462	0.00000
47036	0.00000
31486	0.00000
194326	0.00000
122994	0.00000
84887	0.00000
727701	0.00000
666612	0.00000
282716	0.00000
224654	0.00000
978531	0.00000
1374911	0.00000
423507	0.00000
467347	0.00000
423511	0.00000
22776	0.00000
1350755	0.00000
1378017	0.00000
276100	0.00000
494082	0.00000
276105	0.00000
620579	0.00000
100015	0.636514
15946	0.00000
1374931	0.00000
1030604	0.00000
47040	0.00000
566902	0.00000
519305	0.00000
168438	0.00000
2962961	0.00000
364108	0.00000
276138	0.00000
1040212	0.00000
329675	0.00000
783855	0.00000
727757	0.00000
651676	0.00000
1095406	0.00000
744981	0.00000
47075	0.00000
1080227	0.00000
247273	0.00000
736124	0.00000
1871405	0.00000
467477	0.00000
4728848	0.00000
457811	0.00000
857511	0.00000
1163403	0.00000
953161	0.00000
566658	0.00000
176217	0.00000
15800	0.00000
1172221	0.00000
636554	0.00000
1366853	0.00000
186096	0.00000
1094914	0.00000
15750	0.00000
387856	0.00000
108310	0.00000
5232818	0.00000
2291381	0.00000
1022078	0.00000
1351646	0.00000
46179	0.00000
15841	0.00000
23372	1.05492
61608	0.00000
1087240	0.00000
1004886	0.00000
68754	0.00000
996342	0.00000
302794	0.00000
1446443	0.00000
1030780	0.00000
502732	0.00000
168563	0.00000
310432	0.00000
1247731	0.00000
68771	0.00000
2754683	0.00000
99621	0.00000
145837	0.00000
38449	0.00000
388020	0.00000
1203939	0.00000
915982	0.00000
77344	0.00000
1481582	0.00000
784036	0.00000
574382	0.00000
978298	0.00000
1366987	0.00000
493927	0.00000
925747	0.00000
291091	0.00000
1762451	0.00000
1056366	0.00000
4379204	0.00000
566589	0.00000
224938	0.00000
811176	0.00000
255787	0.00000
493906	0.00000
450196	0.00000
23463	0.00000
15641	0.00000
1148148	0.00000
476167	0.00000
935603	0.00000
92841	0.00000
31146	0.00000
892143	0.00000
432693	0.00000
811208	0.00000
337599	0.00000
1156836	0.00000
1211602	0.00000
46328	0.00000
3152919	0.00000
415588	0.00000
38574	0.00000
108490	0.00000
736146	0.00000
987433	0.00000
440432	0.00000
23526	0.00000
3929565	0.00000
53860	0.00000
138061	0.00000
1171972	0.00000
23523	0.00000
866099	0.00000
658147	0.00000
658149	0.00000
775330	0.00000
574409	0.00000
1871580	0.00000
168664	0.00000
1568577	0.00000
1064369	0.00000
1039760	0.00000
84244	0.00000
1691687	0.00000
830557	0.00000
621260	0.00000
706113	0.00000
558834	0.00000
99395	0.00000
99394	0.00000
23051	0.00000
3719485	0.00000
665968	0.00000
978155	0.00000
275574	0.00000
597112	0.00000
162879	0.00000
1110231	0.00000
713733	0.00000
605743	0.00000
1359043	0.00000
2824743	0.00000
636842	0.00000
318309	0.00000
123588	0.00000
30791	0.00000
38759	0.00000
1211684	0.00000
433113	0.00000
353168	0.00000
54231	0.00000
246973	0.00000
84304	0.00000
1056665	0.00000
892279	0.00000
15590	0.00000
459059	0.00000
597044	0.00000
543741	0.00000
415481	0.00000
318229	0.00000
229478	0.00000
907675	0.00000
1013268	0.00000
1110160	0.00000
1022259	0.00000
123541	0.00000
23152	0.00000
238136	0.00000
558735	0.00000
735750	0.00000
658277	0.00000
238129	0.00000
283327	0.00000
907656	0.00000
892239	0.00000
3119905	0.00000
1559903	0.00000
1094733	0.00000
387670	0.00000
15563	0.00000
943373	0.00000
857140	0.00000
108222	0.00000
246900	0.00000
558702	0.00000
3222587	0.00000
1087186	0.00000
2304344	0.00000
1366730	0.00000
93173	0.00000
290861	0.00000
186235	0.00000
1481312	0.00000
581851	0.00000
30952	0.00000
1351186	0.00000
543545	0.00000
46504	0.00000
176576	0.00000
1186595	0.00000
458197	0.00000
46491	0.00000
238326	0.00000
137756	0.00000
1351212	0.00000
176635	0.00000
225214	0.00000
1287165	0.00000
3183850	0.00000
1287143	0.00000
337873	0.00000
415256	0.00000
114725	0.00000
1031040	0.00000
155338	0.00000
23261	0.00000
3238076	0.00000
23256	0.950271
1022363	0.00000
1194265	0.00000
5466842	0.00000
229631	0.00000
432928	0.00000
3498092	0.00000
99477	0.00000
77684	0.00000
93108	0.00000
543615	0.00000
1316823	0.00000
995948	0.00000
77679	0.00000
99471	0.00000
1211846	0.00000
612466	0.00000
784380	0.00000
93094	0.00000
283174	0.00000
137809	0.00000
61720	0.00000
290882	0.00000
238257	0.00000
3041169	0.00000
2511936	0.00000
229595	0.00000
46544	0.00000
916320	0.00000
23275	0.00000
198979	0.00000
