User 819 and 956 meet 2 times.
A.weight		B.weight		A.lati		A.longi		B.lati		B.longi
0.0404398		0.0285968		30.2675		-97.7704		30.2675		-97.7704
0.0785637		0.0615206		30.2747		-97.7404		30.2743		-97.7405
User pair 819 and 956 has measure 3.48851



User 267 and 18898 meet 5 times.
A.weight		B.weight		A.lati		A.longi		B.lati		B.longi
0.459343		0.226842		30.2677		-97.7492		30.2677		-97.7492
0.362672		0.272125		30.2707		-97.7537		30.2707		-97.7537
0.362672		0.272125		30.2707		-97.7537		30.2707		-97.7537
0.362672		0.272125		30.2707		-97.7537		30.2707		-97.7537
0.478769		0.238323		30.2691		-97.7494		30.2691		-97.7494
User pair 267 and 18898 has measure 1.16384



User 19096 and 3756 meet 13 times.
A.weight		B.weight		A.lati		A.longi		B.lati		B.longi
0.303914		0.237981		30.2652		-97.7386		30.2660		-97.7388
0.296170		0.229026		30.2635		-97.7417		30.2640		-97.7419
0.310491		0.242463		30.2652		-97.7400		30.2652		-97.7392
0.305618		0.238186		30.2645		-97.7384		30.2652		-97.7386
0.301518		0.243298		30.2653		-97.7385		30.2653		-97.7394
0.305618		0.237534		30.2645		-97.7384		30.2653		-97.7385
0.325475		0.233640		30.2635		-97.7402		30.2635		-97.7402
0.319568		0.241926		30.2646		-97.7395		30.2646		-97.7395
0.325475		0.233640		30.2635		-97.7402		30.2635		-97.7402
0.325475		0.233640		30.2635		-97.7402		30.2635		-97.7402
0.320045		0.233640		30.2636		-97.7396		30.2635		-97.7402
0.301518		0.236745		30.2653		-97.7385		30.2655		-97.7384
0.325475		0.233640		30.2635		-97.7402		30.2635		-97.7402
User pair 19096 and 3756 has measure 4.11000



User 19404 and 267 meet 5 times.
A.weight		B.weight		A.lati		A.longi		B.lati		B.longi
0.0475274		0.132377		30.2734		-97.7664		30.2734		-97.7664
0.0869009		0.459343		30.2677		-97.7492		30.2677		-97.7492
0.0745728		0.231806		30.2636		-97.7396		30.2635		-97.7402
0.0473251		0.131878		30.2735		-97.7664		30.2735		-97.7664
0.0473251		0.131878		30.2735		-97.7664		30.2735		-97.7664
User pair 19404 and 267 has measure 4.56751