551	1922	110	0
551	3340	105	5
551	446	1680	0
551	241	4038	0
2	956	2218	0
2	687	4082	0
2	2204	9391	0
2	1766	3357	0
2	1488	2989	0
2	401	2181	0
2	1479	4061	0
2	1359	3391	0
2	22	3495	0
2	695	1322	0
2	1108	3855	0
2	1351	3762	0
2	2027	9066	0
2	573	1956	0
2	1404	3253	0
2	1251	13270	0
2	2341	2154	0
2	446	844	0
2	1403	8901	0
2	2100	3501	0
2	2355	800	0
2	1146	561	1
2	53	523	0
2	1265	9209	0
2	661	7064	0
2	1618	1445	0
2	898	310	0
2	776	3206	0
2	2366	3408	0
2	205	4176	0
2	1153	3289	0
2	1307	373	0
2	1426	10030	0
2	475	2138	0
2	337	1868	0
2	350	2126	0
2	1010	3688	0
2	469	540	0
2	869	2484	0
2	1594	5313	0
2	1174	1910	1
2	993	3369	0
2	2398	8749	0
2	1725	2015	0
2	756	8709	0
2	1827	3893	0
2	1940	2704	0
2	1671	9127	0
2	854	2129	0
2	2413	392	0
2	1948	2152	0
2	1198	2157	0
2	728	1412	0
2	1203	1537	0
2	1440	2267	0
2	1201	3429	0
2	1922	2125	0
2	842	3793	0
2	1075	3797	0
2	1695	2138	0
2	241	3410	0
2204	2	9391	0
2204	1201	7023	0
2204	1351	6432	0
2204	39729	1442	0
4883	53	2517	0
819	3328	667	6
819	401	280	0
4893	576	692	0
1359	2	3391	0
1359	4994	383	0
10445	854	1301	0
10445	976	721	0
10445	10374	339	0
22	1307	3563	0
22	576	1732	0
22	956	2048	0
22	4947	6769	0
22	2	3495	0
22	4913	880	0
22	854	1972	0
22	4914	3419	0
22	1010	1720	0
22	4958	5928	0
22	4989	3183	0
22	4956	6753	0
22	4930	1520	0
22	1201	1144	0
22	2798	1213	0
22	1174	2960	0
22	4860	3412	0
22	3206	2270	0
22	842	870	0
22	1075	839	0
22	267	2223	0
22	661	5684	0
22	1695	1968	0
22	1618	3163	0
22	4994	1027	0
22	241	4141	0
1108	205	757	1
1108	2	3855	0
1108	578	7652	0
1108	854	5770	0
1108	4914	3946	0
1108	446	4323	0
1108	680	825	0
1108	1010	7303	0
1108	4496	7365	0
1108	401	5758	0
1108	4956	10896	0
1108	1256	3592	0
1108	1440	2901	0
1108	1201	7071	0
1108	1075	7482	0
1108	756	11444	0
1108	1827	431	1
267	578	2529	0
267	475	482	0
267	22	2223	0
267	350	366	117
267	573	1412	42
267	1695	497	0
267	401	348	4
267	521	7167	17
267	11019	786	0
1351	956	2531	0
1351	2	3762	0
1351	1201	1563	0
1351	2204	6432	0
18415	854	8551	0
18415	1174	8246	0
18415	1010	7902	0
5479	1174	4245	0
573	2	1956	0
573	18898	1382	4
573	350	1351	22
573	267	1412	42
573	521	6860	1
3273	350	285	5
3273	401	274	0
39561	4858	2373	0
39561	39612	257	0
1404	2	3253	0
10731	854	1175	0
10731	993	1065	0
10731	10374	437	0
4913	22	880	0
786	956	2253	0
786	401	2296	0
4914	956	2046	0
4914	205	4283	0
4914	1201	3317	0
4914	22	3419	0
4914	1108	3946	0
4914	401	2003	0
4914	4994	3492	0
4914	4956	8857	0
4914	726	8772	0
1403	2	8901	0
1403	2798	6481	0
1403	1010	7341	0
1403	756	395	0
10727	956	558	0
10727	1201	1824	0
10727	475	564	0
10727	1075	2208	0
10727	4956	8401	0
113659	113660	750	0
39612	4858	2502	0
39612	1201	6810	0
39612	39561	257	0
19574	1174	2222	0
521	1671	1405	0
521	578	5429	0
521	350	7124	10
521	267	7167	17
521	573	6860	1
521	244	8020	0
113660	113659	750	0
4900	1201	6294	0
1384	854	7655	0
1384	1010	7014	0
1384	4496	6956	0
1384	469	8379	0
1384	401	7859	0
1384	241	5533	0
1146	2	561	1
53	1307	335	0
53	956	2432	0
53	2	523	0
53	4883	2517	0
53	854	2328	0
53	446	886	0
53	130	640	0
53	401	2406	0
53	6207	1065	0
53	5604	262	1
53	1201	3434	0
53	1174	1993	0
53	1075	3731	0
53	898	278	0
53	756	8469	0
53	241	3286	0
1618	2	1445	0
1618	1201	3244	0
1618	854	2433	0
1618	22	3163	0
1618	3756	1303	0
1618	241	2460	0
10467	472	146	204
776	2	3206	0
776	1075	3634	0
776	842	3670	0
776	1010	3971	0
776	756	6871	0
1307	2	373	0
1307	1201	3551	0
1307	854	2333	0
1307	53	335	0
1307	22	3563	0
1307	401	2414	0
1307	241	3158	0
4947	22	6769	0
10393	1201	1468	0
10393	10374	530	0
337	2	1868	0
337	1948	460	0
337	6425	627	0
350	2	2126	0
350	19404	116	7
350	267	366	117
350	573	1351	22
350	401	166	3
350	3273	285	5
350	1198	110	0
350	521	7124	10
4958	854	7465	0
4958	1174	7290	0
4958	22	5928	0
4958	10374	6113	0
4958	756	278	0
4958	726	273	0
346	576	1195	0
4956	1426	5432	0
4956	854	8144	0
4956	4914	8857	0
4956	10727	8401	0
4956	39750	1298	0
4956	2355	8699	0
4956	1174	7752	0
4956	22	6753	0
4956	661	2491	0
4956	1108	10896	0
4956	19074	311	0
4956	10374	6829	0
4956	756	1410	0
620	1201	10770	0
620	854	10380	0
4930	22	1520	0
869	2	2484	0
869	1201	1639	0
869	854	1380	0
1594	956	3240	0
1594	2	5313	0
1594	1201	2504	0
1594	854	3251	0
1594	19603	750	0
1594	1075	2191	0
1594	756	6602	0
2798	205	7423	0
2798	1201	1218	0
2798	1403	6481	0
2798	1174	3013	1
2798	22	1213	0
2798	842	934	0
2798	661	5757	0
2798	469	3212	0
3206	22	2270	0
3206	241	4580	0
3756	3384	1221	0
3756	578	3281	0
3756	1618	1303	0
3756	4989	1254	7
3756	241	3018	0
10374	956	1549	0
10374	10445	339	0
10374	1940	1129	0
10374	10393	530	0
10374	10731	437	0
10374	1922	1451	0
10374	854	1354	0
10374	1948	1299	0
10374	4958	6113	0
10374	4956	6829	0
1827	205	568	0
1827	1440	2855	0
1827	2	3893	0
1827	1108	431	1
576	854	848	0
576	475	849	0
576	22	1732	0
576	4893	692	0
576	401	1077	0
576	346	1195	0
576	241	3869	0
578	1201	800	0
578	1766	747	0
578	1108	7652	0
578	267	2529	0
578	3756	3281	0
578	4989	3563	0
578	521	5429	0
4161	956	1813	0
4161	1201	1749	0
854	687	2323	0
854	205	6128	0
854	956	340	0
854	1307	2333	0
854	2	2129	0
854	3340	131	0
854	680	5522	0
854	1010	1565	0
854	469	1750	0
854	401	307	0
854	4958	7465	0
854	4956	8144	0
854	620	10380	0
854	10445	1301	0
854	869	1380	0
854	1594	3251	0
854	1174	2143	0
854	22	1972	0
854	1108	5770	0
854	18415	8551	0
854	4994	1942	0
854	10374	1354	0
854	756	7665	0
854	576	848	0
854	10731	1175	0
854	3252	2418	0
854	2413	1870	0
854	1198	300	0
854	11019	446	0
854	668	1980	0
854	1201	1611	0
854	1384	7655	0
854	1922	130	0
854	53	2328	0
854	1075	1957	0
854	6425	485	0
854	1618	2433	0
854	3382	854	0
3252	854	2418	0
4989	578	3563	0
4989	22	3183	0
4989	3756	1254	7
4989	241	2552	0
1075	1153	777	0
1075	956	2067	0
1075	205	7709	0
1075	1940	1311	0
1075	2	3797	0
1075	854	1957	0
1075	10727	2208	0
1075	1010	1304	0
1075	401	2105	0
1075	469	3390	0
1075	1479	324	0
1075	1201	824	0
1075	1594	2191	0
1075	1174	3034	0
1075	53	3731	0
1075	491	1975	0
1075	22	839	0
1075	1108	7482	0
1075	244	3648	0
1075	756	5856	0
1075	776	3634	0
1075	241	4265	0
842	1940	1442	0
842	2	3793	0
842	1201	880	0
842	2798	934	0
842	1174	3057	0
842	22	870	0
842	401	2099	0
842	776	3670	0
956	2	2218	0
956	4161	1813	0
956	475	331	0
956	786	2253	0
956	854	340	0
956	4914	2046	0
956	10727	558	0
956	3328	630	0
956	1010	1600	0
956	401	239	1
956	469	1858	0
956	728	1247	0
956	1201	1646	0
956	1922	284	0
956	1594	3240	0
956	1174	2226	0
956	53	2432	0
956	22	2048	0
956	1075	2067	0
956	1351	2531	0
956	10374	1549	0
956	756	7780	0
956	241	4186	0
687	2	4082	0
687	854	2323	0
1766	578	747	0
1766	2	3357	0
1766	4994	286	0
1488	2	2989	0
1488	1201	1594	0
1488	993	1021	0
680	205	981	2
680	1440	2853	0
680	854	5522	0
680	1108	825	0
16936	1201	6833	0
401	1307	2414	0
401	205	6130	0
401	956	239	1
401	1153	1454	0
401	2	2181	0
401	475	299	0
401	819	280	0
401	350	166	3
401	3328	533	0
401	1010	1562	0
401	469	1823	0
401	1174	2201	0
401	3087	2629	0
401	267	348	4
401	1108	5758	0
401	4994	2137	0
401	3273	274	0
401	756	7868	0
401	19096	816	1
401	576	1077	0
401	786	2296	0
401	854	307	0
401	4914	2003	0
401	446	1744	0
401	728	1230	0
401	1201	1646	0
401	1384	7859	0
401	491	290	0
401	53	2406	0
401	4860	1968	0
401	842	2099	0
401	1075	2105	0
401	661	6821	0
401	241	4212	0
130	205	4424	0
130	53	640	0
130	6207	1129	31
6207	53	1065	0
6207	130	1129	31
6207	241	3418	0
3395	1948	933	0
5604	53	262	1
1479	2	4061	0
1479	1201	900	0
1479	1075	324	0
1479	469	3655	0
695	2	1322	0
2027	2	9066	0
2027	19177	115	0
2027	1174	7812	0
4994	1359	383	0
4994	1766	286	0
4994	854	1942	0
4994	4914	3492	0
4994	22	1027	0
4994	401	2137	0
4994	756	5733	0
4994	241	3946	0
19096	401	816	1
1251	2	13270	0
2341	2	2154	0
446	1153	2847	0
446	551	1680	0
446	1940	2562	0
446	2	844	0
446	491	1690	0
446	53	886	0
446	1108	4323	0
446	661	6918	0
446	1010	3205	0
446	469	984	0
446	401	1744	0
446	241	3508	0
2100	2	3501	0
4496	1201	1572	0
4496	1384	6956	0
4496	1108	7365	0
4496	1010	136	0
1256	205	3796	0
1256	1440	3506	0
1256	1108	3592	0
668	854	1980	0
2355	2	800	0
2355	4956	8699	0
1265	2	9209	0
661	2	7064	0
661	1201	5850	0
661	2798	5757	0
661	446	6918	0
661	22	5684	0
661	401	6821	0
661	4956	2491	0
661	756	2216	0
661	2366	6097	0
661	241	5017	0
19074	4956	311	0
6425	854	485	0
6425	337	627	0
39729	2204	1442	0
898	2	310	0
898	53	278	0
2366	2	3408	0
2366	661	6097	0
1153	2	3289	0
1153	1201	1150	0
1153	446	2847	0
1153	4860	3154	0
1153	1075	777	0
1153	993	361	0
1153	1010	873	0
1153	401	1454	0
205	2	4176	0
205	854	6128	0
205	4914	4283	0
205	680	981	2
205	130	4424	0
205	401	6130	0
205	469	4567	0
205	1256	3796	0
205	1440	3100	0
205	1201	7333	0
205	2798	7423	0
205	1075	7709	0
205	1108	757	1
205	756	11263	0
205	1827	568	0
1426	2	10030	0
1426	4956	5432	0
475	956	331	0
475	576	849	0
475	2	2138	0
475	1201	1606	0
475	1922	117	0
475	10727	564	0
475	267	482	0
475	401	299	0
475	11019	434	0
475	241	4041	0
472	10467	146	204
3340	551	105	5
3340	1201	1662	0
3340	1922	174	0
3340	854	131	0
3340	491	110	2
19603	1594	750	0
1010	1153	873	0
1010	956	1600	0
1010	1940	1988	0
1010	2	3688	0
1010	854	1565	0
1010	1403	7341	0
1010	446	3205	0
1010	4496	136	0
1010	401	1562	0
1010	469	3302	0
1010	1201	1516	0
1010	1384	7014	0
1010	1922	1581	0
1010	1174	3068	0
1010	22	1720	0
1010	1075	1304	0
1010	1108	7303	0
1010	18415	7902	0
1010	756	7018	0
1010	776	3971	0
1010	241	4864	0
3328	956	630	0
3328	1174	2342	0
3328	819	667	6
3328	401	533	0
469	205	4567	0
469	956	1858	0
469	1940	2431	0
469	2	540	0
469	854	1750	0
469	446	984	0
469	1948	1770	0
469	1010	3302	0
469	401	1823	0
469	1479	3655	0
469	1201	3039	0
469	1384	8379	0
469	2798	3212	0
469	1075	3390	0
469	241	3307	0
39750	4956	1298	0
19177	1201	6813	0
19177	2027	115	0
1174	956	2226	0
1174	2	1910	1
1174	984	7409	0
1174	854	2143	0
1174	3328	2342	0
1174	1010	3068	0
1174	401	2201	0
1174	4958	7290	0
1174	19574	2222	0
1174	4956	7752	0
1174	1201	2863	0
1174	2798	3013	1
1174	1922	2154	0
1174	53	1993	0
1174	22	2960	0
1174	842	3057	0
1174	1075	3034	0
1174	18415	8246	0
1174	5479	4245	0
1174	2027	7812	0
1174	756	7431	0
3087	401	2629	0
3087	241	2744	0
18898	573	1382	4
993	1153	361	0
993	2	3369	0
993	10731	1065	0
993	1488	1021	0
2398	2	8749	0
1725	2	2015	0
4820	1940	3638	0
4820	1201	3946	0
4820	4860	2940	0
756	205	11263	0
756	956	7780	0
756	2	8709	0
756	854	7665	0
756	1403	395	0
756	1010	7018	0
756	401	7868	0
756	4958	278	0
756	4956	1410	0
756	1201	6332	0
756	1594	6602	0
756	1174	7431	0
756	53	8469	0
756	1075	5856	0
756	1108	11444	0
756	661	2216	0
756	4994	5733	0
756	776	6871	0
756	241	5540	0
984	1201	6307	0
984	1174	7409	0
984	241	5519	0
1671	2	9127	0
1671	521	1405	0
1940	2	2704	0
1940	1201	1550	0
1940	446	2562	0
1940	4860	2587	0
1940	1075	1311	0
1940	842	1442	0
1940	1010	1988	0
1940	976	1458	0
1940	469	2431	0
1940	10374	1129	0
1940	4820	3638	0
1940	241	3923	0
19404	350	116	7
19404	1948	347	0
2413	2	392	0
2413	854	1870	0
976	10445	721	0
976	1940	1458	0
976	241	3577	0
1948	2	2152	0
1948	19404	347	0
1948	1201	1590	0
1948	1922	166	0
1948	337	460	0
1948	469	1770	0
1948	10374	1299	0
1948	3395	933	0
1948	241	4012	0
1198	2	2157	0
1198	854	300	0
1198	350	110	0
11019	1201	1808	0
11019	854	446	0
11019	475	434	0
11019	267	786	0
11019	1695	450	0
728	956	1247	0
728	2	1412	0
728	401	1230	0
728	241	3267	0
4858	39612	2502	0
4858	39561	2373	0
1203	2	1537	0
1203	1201	3612	0
1440	205	3100	0
1440	2	2267	0
1440	680	2853	0
1440	1108	2901	0
1440	1827	2855	0
1440	1256	3506	0
1440	241	3706	0
3384	1201	3379	0
3384	3756	1221	0
3384	241	2288	0
1201	956	1646	0
1201	2	3429	0
1201	2204	7023	0
1201	1488	1594	0
1201	16936	6833	0
1201	401	1646	0
1201	1479	900	0
1201	22	1144	0
1201	1108	7071	0
1201	1351	1563	0
1201	4914	3317	0
1201	10727	1824	0
1201	39612	6810	0
1201	4496	1572	0
1201	4900	6295	0
1201	53	3434	0
1201	661	5850	0
1201	1618	3244	0
1201	1153	1150	0
1201	205	7333	0
1201	1307	3551	0
1201	10393	1468	0
1201	475	1606	0
1201	3340	1662	0
1201	1010	1516	0
1201	469	3039	0
1201	620	10770	0
1201	869	1639	0
1201	1594	2504	0
1201	2798	1218	0
1201	19177	6813	0
1201	1174	2863	0
1201	4820	3946	0
1201	756	6332	0
1201	984	6307	0
1201	578	800	0
1201	1940	1550	0
1201	4161	1749	0
1201	854	1611	0
1201	1948	1590	0
1201	11019	1808	0
1201	1203	3612	0
1201	3384	3379	0
1201	1922	1635	0
1201	4860	3301	0
1201	1075	824	0
1201	842	880	0
1201	1695	1608	0
1201	726	6334	0
1201	241	4276	0
1922	956	284	0
1922	551	110	0
1922	2	2125	0
1922	1201	1635	0
1922	854	130	0
1922	475	117	0
1922	3340	174	0
1922	1174	2154	0
1922	491	114	0
1922	1948	166	0
1922	1010	1581	0
1922	10374	1451	0
491	1922	114	0
491	3340	110	2
491	446	1690	0
491	1075	1975	0
491	401	290	0
491	241	4042	0
4860	1153	3154	0
4860	1940	2587	0
4860	1201	3301	0
4860	22	3412	0
4860	401	1968	0
4860	4820	2940	0
244	1075	3648	0
244	521	8020	0
1695	2	2138	0
1695	1201	1608	0
1695	22	1968	0
1695	267	497	0
1695	11019	450	0
726	1201	6334	0
726	4914	8772	0
726	4958	273	0
726	241	5543	0
241	956	4186	0
241	1307	3158	0
241	551	4038	0
241	2	3410	0
241	475	4041	0
241	1010	4864	0
241	469	3307	0
241	401	4212	0
241	6207	3418	0
241	3206	4580	0
241	3087	2744	0
241	22	4141	0
241	3756	3018	0
241	4994	3946	0
241	756	5540	0
241	576	3869	0
241	1940	3923	0
241	984	5519	0
241	446	3508	0
241	1948	4012	0
241	976	3577	0
241	4989	2552	0
241	728	3267	0
241	3384	2288	0
241	1440	3706	0
241	1201	4276	0
241	1384	5533	0
241	491	4042	0
241	53	3286	0
241	1075	4265	0
241	661	5017	0
241	1618	2460	0
241	726	5543	0
3382	854	854	0
